103.8,7.7407,0
104.23,8.4154,0
103.68,7.5537,0
104.29,8.5101,0
104.18,8.3397,0
103.94,7.9538,0
103.87,7.8461,0
104.08,8.171,0
104.14,8.2743,0
103.92,7.9249,0
104.07,8.1555,0
104.21,8.3786,0
103.85,7.8155,0
104.26,8.4696,0
103.9,7.8935,0
103.67,7.5369,0
103.93,7.9378,0
104.48,8.821,0
103.72,7.6045,0
103.73,7.6249,0
103.88,7.8589,0
104.12,8.2397,0
103.92,7.9235,0
104.19,8.3583,0
103.7,7.5774,0
104.16,8.3107,0
104.55,8.9321,0
104.25,8.4464,0
103.89,7.8738,0
103.73,7.619,0
103.89,7.879,0
104.39,8.6742,0
104.35,8.6044,0
103.89,7.8707,0
104.36,8.6196,0
103.96,7.9885,0
104.55,8.9283,0
104.29,8.5073,0
104.46,8.7841,0
104.22,8.3937,0
103.89,7.8792,0
103.8,7.7341,0
104.24,8.4277,0
104.3,8.5279,0
103.79,7.7147,0
104.07,8.1553,0
104.18,8.3444,0
104.04,8.1212,0
103.96,7.9848,0
103.75,7.6596,0
104.25,8.4467,0
104.08,8.1825,0
104.07,8.1555,0
104.09,8.1945,0
104.55,8.9329,0
104.19,8.3604,0
103.72,7.6045,0
103.86,7.8243,0
103.75,7.6499,0
103.93,7.9465,0
104.46,8.7936,0
103.71,7.5982,0
104.55,8.9275,0
104.4,8.6865,0
103.69,7.5691,0
104.09,8.1966,0
103.74,7.6367,0
104.43,8.7415,0
104.22,8.3931,0
103.98,8.0145,0
104.14,8.2716,0
103.75,7.6514,0
104.11,8.2227,0
104.4,8.6986,0
103.96,7.9884,0
104.35,8.61,0
104.54,8.9111,0
104.13,8.2638,0
104.41,8.71,0
104.53,8.9001,0
104.06,8.147,0
103.87,7.8465,0
103.73,7.6189,0
103.67,7.5308,0
104.04,8.1078,0
104.49,8.838,0
104.28,8.5001,0
104.49,8.8329,0
104.38,8.6542,0
104.54,8.9262,0
104.02,8.0754,0
103.91,7.9135,0
103.81,7.7524,0
103.87,7.8442,0
104.19,8.3584,0
104.02,8.0835,0
104.19,8.3578,0
103.9,7.8898,0
103.71,7.5872,0
104.04,8.109,0
103.77,7.6912,0
103.79,7.725,0
103.76,7.6677,0
103.69,7.5596,0
103.75,7.6493,0
104.24,8.4358,0
103.77,7.6804,0
103.75,7.6617,0
103.71,7.5892,0
103.74,7.6488,0
103.99,8.0306,0
104.07,8.1691,0
103.89,7.8723,0
103.91,7.9016,0
104.37,8.6443,0
104.46,8.789,0
103.72,7.6033,0
104.17,8.3243,0
104.45,8.7755,0
103.98,8.0146,0
104.43,8.7332,0
103.78,7.6966,0
104.24,8.4389,0
104.52,8.8803,0
103.99,8.0269,0
104.48,8.816,0
103.75,7.6534,0
103.99,8.0388,0
104.43,8.7362,0
103.96,7.9938,0
104.06,8.1515,0
103.73,7.6193,0
104.32,8.5565,0
104.35,8.6162,0
103.82,7.759,0
103.84,7.794,0
104.36,8.631,0
104.46,8.7934,0
104.29,8.51,0
103.99,8.0379,0
103.96,7.9894,0
103.72,7.6071,0
104.11,8.2229,0
104.02,8.0881,0
104.38,8.6622,0
104.11,8.2278,0
104.07,8.1671,0
103.99,8.0269,0
104.36,8.6312,0
104.04,8.1156,0
104.25,8.4566,0
103.86,7.8346,0
103.73,7.6304,0
103.93,7.9349,0
104.29,8.5085,0
103.72,7.609,0
104.4,8.6917,0
103.69,7.5668,0
103.86,7.8273,0
104.3,8.5361,0
104.46,8.79,0
104.05,8.1331,0
104.48,8.8156,0
103.98,8.0207,0
103.77,7.6809,0
103.69,7.5568,0
104.28,8.4903,0
103.77,7.6841,0
104.49,8.8323,0
104.54,8.9125,0
104.24,8.425,0
103.76,7.6658,0
104.49,8.8297,0
103.73,7.6232,0
103.74,7.6396,0
104.39,8.6712,0
104.46,8.7819,0
103.81,7.7542,0
103.84,7.7979,0
104.5,8.8602,0
104.16,8.309,0
104.53,8.9096,0
103.89,7.8734,0
103.74,7.6491,0
103.89,7.8791,0
103.92,7.9187,0
103.98,8.0147,0
103.74,7.6387,0
104.33,8.5828,0
104.22,8.4055,0
103.8,7.7397,0
103.87,7.845,0
103.79,7.7129,0
103.73,7.6225,0
104.11,8.2235,0
104.03,8.0982,0
103.9,7.8857,0
103.95,7.97,0
103.9,7.8878,0
103.83,7.7791,0
104.42,8.7293,0
103.77,7.6945,0
104.15,8.2876,0
104.24,8.4331,0
104.09,8.1898,0
104.33,8.5788,0
104.14,8.268,0
104.11,8.2313,0
104.39,8.6788,0
104.15,8.2874,0
104.1,8.2102,0
103.85,7.8113,0
104.07,8.1673,0
103.67,7.538,0
104.39,8.6772,0
104.25,8.4482,0
103.67,7.5342,0
104.1,8.2148,0
103.94,7.9594,0
103.75,7.6545,0
103.97,8.0058,0
103.72,7.6149,0
104.19,8.3481,0
104.28,8.499,0
104.36,8.6308,0
104.51,8.8649,0
103.85,7.8117,0
103.89,7.8738,0
104.09,8.1963,0
103.85,7.8175,0
104.24,8.4261,0
104.1,8.209,0
104.02,8.08,0
103.79,7.7189,0
104.07,8.159,0
104.05,8.1238,0
104.09,8.1955,0
103.93,7.9462,0
103.69,7.5662,0
104.27,8.4834,0
103.98,8.0242,0
104.27,8.4744,0
104.29,8.5197,0
103.67,7.5296,0
103.93,7.9357,0
104.17,8.3172,0
103.92,7.9231,0
103.97,7.9972,0
103.97,8.0065,0
104.3,8.5317,0
104.03,8.1048,0
103.89,7.8716,0
104.35,8.6044,0
104.03,8.0934,0
104.38,8.6673,0
103.98,8.025,0
104.23,8.4177,0
104.22,8.4059,0
103.71,7.5947,0
104.42,8.72,0
103.89,7.8811,0
104.55,8.9345,0
104.47,8.797,0
104.15,8.2931,0
103.85,7.8112,0
103.7,7.5778,0
103.73,7.6259,0
103.99,8.0276,0
103.78,7.6968,0
104.21,8.3873,0
104.46,8.7916,0
103.7,7.5761,0
104.27,8.4803,0
104.05,8.1321,0
104.2,8.3767,0
103.85,7.8168,0
103.94,7.9628,0
104.46,8.7879,0
103.86,7.8329,0
104.53,8.9104,0
103.72,7.605,0
104.38,8.6592,0
103.81,7.7473,0
104.37,8.6428,0
104.2,8.3615,0
104.32,8.5674,0
104.07,8.1637,0
103.73,7.6233,0
104.37,8.6407,0
103.76,7.6736,0
104.27,8.476,0
104.46,8.7879,0
104.11,8.224,0
103.98,8.0256,0
103.92,7.9212,0
103.96,7.98,0
103.86,7.8239,0
104.35,8.6137,0
103.83,7.7752,0
104.22,8.3941,0
103.85,7.8112,0
104.15,8.2923,0
103.92,7.9182,0
104.26,8.4687,0
103.93,7.9333,0
104.21,8.3864,0
104,8.059,0
104.14,8.2768,0
104.04,8.1078,0
103.69,7.5605,0
103.67,7.5335,0
103.68,7.545,0
103.81,7.7511,0
103.94,7.9589,0
104.02,8.0798,0
104.15,8.294,0
103.89,7.8708,0
103.98,8.0119,0
103.71,7.5998,0
103.89,7.8763,0
103.86,7.8253,0
104.03,8.1037,0
103.72,7.6081,0
104.03,8.1018,0
103.78,7.7047,0
104.1,8.2014,0
104.15,8.294,0
103.97,7.9952,0
103.85,7.8167,0
103.96,7.983,0
104.13,8.2643,0
103.71,7.5894,0
104.28,8.5027,0
103.84,7.7915,0
104.14,8.2732,0
104.04,8.1143,0
104.25,8.4529,0
104.13,8.2593,0
104.27,8.483,0
103.71,7.5941,0
104.06,8.1447,0
103.78,7.6978,0
104.47,8.8095,0
104.1,8.2155,0
104.03,8.0924,0
104.1,8.2163,0
103.85,7.8151,0
103.78,7.6959,0
104.16,8.2972,0
103.97,8.0106,0
104.52,8.889,0
103.9,7.8979,0
104.36,8.6236,0
103.77,7.6844,0
103.72,7.6094,0
104.41,8.7067,0
103.91,7.9133,0
103.82,7.76,0
103.75,7.662,0
103.92,7.9178,0
104.01,8.0607,0
104.35,8.609,0
104.35,8.6173,0
104.1,8.2156,0
104.34,8.6016,0
104.28,8.4986,0
103.99,8.0367,0
104.35,8.6082,0
104.1,8.2059,0
104.11,8.2289,0
104.36,8.6292,0
104.36,8.6312,0
104.22,8.3977,0
103.93,7.9416,0
104.24,8.431,0
104.41,8.7046,0
104.51,8.8675,0
104.36,8.6285,0
104.12,8.2375,0
103.79,7.7258,0
104.15,8.2936,0
104.41,8.7134,0
103.78,7.7108,0
104.32,8.5618,0
104.42,8.7287,0
103.69,7.558,0
104.04,8.1182,0
103.99,8.0383,0
104.13,8.2599,0
104.07,8.1622,0
104.2,8.3623,0
103.96,7.9868,0
104.33,8.5715,0
104.5,8.8489,0
103.83,7.7783,0
104.03,8.0985,0
103.95,7.9678,0
104,8.0498,0
103.86,7.8275,0
104.53,8.9104,0
104.3,8.5339,0
103.76,7.68,0
104.43,8.7325,0
103.69,7.5673,0
103.94,7.9516,0
104.2,8.371,0
103.77,7.6868,0
103.68,7.5434,0
104.43,8.7357,0
103.74,7.6355,0
104.04,8.1125,0
103.77,7.6913,0
103.89,7.8812,0
104.49,8.8346,0
103.95,7.9758,0
104.12,8.2345,0
103.93,7.9415,0
103.82,7.7654,0
103.89,7.869,0
103.7,7.5761,0
103.88,7.8663,0
103.89,7.8796,0
104.09,8.1861,0
104.5,8.8535,0
104.02,8.089,0
103.78,7.7108,0
104.25,8.4453,0
104.25,8.4522,0
104.03,8.0921,0
104.02,8.0877,0
104.53,8.8995,0
104.09,8.1933,0
103.67,7.5313,0
104.33,8.5756,0
104.17,8.3272,0
103.98,8.0263,0
104.08,8.1842,0
104.35,8.6086,0
104.33,8.5768,0
104.25,8.4529,0
104.27,8.4757,0
103.78,7.7102,0
103.94,7.9489,0
104.2,8.3722,0
103.99,8.0327,0
103.77,7.694,0
104.33,8.5714,0
104.46,8.7831,0
104.29,8.5099,0
104.41,8.7135,0
104.35,8.6159,0
104.05,8.1371,0
104.13,8.2597,0
103.84,7.7933,0
103.97,8.0012,0
104.21,8.3852,0
104.21,8.3864,0
103.98,8.0198,0
103.88,7.8669,0
103.89,7.8753,0
104.26,8.4675,0
103.81,7.7569,0
104.06,8.1492,0
103.96,7.9808,0
104.09,8.192,0
104.27,8.4812,0
103.8,7.7404,0
104.01,8.0737,0
103.73,7.6241,0
104.32,8.5686,0
104.21,8.3851,0
104.34,8.5941,0
104.21,8.3827,0
103.76,7.6686,0
104.54,8.9186,0
103.75,7.6503,0
103.77,7.6922,0
103.86,7.8304,0
103.87,7.8471,0
103.77,7.6843,0
103.84,7.7924,0
104.37,8.6401,0
103.78,7.7001,0
104.08,8.1842,0
104.25,8.4553,0
104.07,8.1633,0
104.43,8.7444,0
103.67,7.5382,0
104.42,8.7273,0
104.47,8.7959,0
104.26,8.4723,0
103.79,7.7146,0
103.76,7.672,0
103.81,7.757,0
104.1,8.2051,0
104.39,8.6743,0
103.88,7.8553,0
103.86,7.8326,0
103.75,7.6625,0
103.76,7.6791,0
103.85,7.8154,0
103.85,7.8206,0
104.52,8.8846,0
104.2,8.3626,0
104.31,8.5488,0
104.17,8.3285,0
104.19,8.3555,0
103.82,7.7631,0
103.96,7.9837,0
103.7,7.5821,0
104.46,8.7827,0
104.17,8.3158,0
104.38,8.6673,0
103.78,7.7016,0
103.84,7.7939,0
104.34,8.5931,0
103.71,7.6018,0
104.38,8.6615,0
103.75,7.6595,0
104.54,8.9261,0
104.03,8.104,0
104.51,8.8744,0
103.84,7.7972,0
104.12,8.2456,0
103.79,7.7197,0
103.67,7.5356,0
103.86,7.8258,0
103.86,7.8245,0
103.95,7.9723,0
103.8,7.7358,0
104.51,8.876,0
104.19,8.361,0
104.23,8.4133,0
104.05,8.1258,0
104.28,8.4961,0
104.11,8.2235,0
104.46,8.7945,0
104.39,8.6781,0
103.83,7.7826,0
103.92,7.9209,0
104.08,8.1827,0
103.68,7.5416,0
104.5,8.8503,0
103.97,8.0057,0
103.8,7.7401,0
103.73,7.6243,0
103.76,7.6672,0
103.96,7.9859,0
104.4,8.6867,0
104.17,8.3231,0
103.71,7.5932,0
104.01,8.0684,0
104.15,8.2826,0
103.78,7.7096,0
103.74,7.6392,0
103.79,7.7234,0
104.24,8.4397,0
103.86,7.824,0
104.31,8.5456,0
103.9,7.8951,0
103.93,7.9343,0
104.34,8.5901,0
103.99,8.0389,0
103.88,7.8568,0
104.19,8.358,0
104.39,8.6814,0
103.92,7.9257,0
103.95,7.9725,0
104.39,8.6829,0
103.79,7.7141,0
104.41,8.7076,0
103.77,7.6891,0
103.74,7.637,0
104.09,8.1914,0
103.7,7.581,0
104,8.0549,0
104,8.0468,0
104.27,8.4855,0
103.94,7.9544,0
104.05,8.1317,0
104.11,8.2309,0
104.18,8.3439,0
104.05,8.136,0
104.05,8.1374,0
104.05,8.1228,0
104.04,8.1204,0
104.4,8.6986,0
104.13,8.2631,0
104.11,8.2325,0
104.4,8.6974,0
103.67,7.5383,0
103.96,7.9832,0
104.55,8.9321,0
104.48,8.8258,0
104.12,8.2484,0
103.73,7.6332,0
103.96,7.9909,0
103.82,7.7738,0
104.28,8.4993,0
103.85,7.8141,0
104.19,8.354,0
103.9,7.8896,0
104.42,8.7287,0
103.92,7.9237,0
103.88,7.8665,0
103.68,7.5496,0
103.9,7.8938,0
104.01,8.0618,0
103.72,7.617,0
104.3,8.5277,0
104.26,8.4672,0
103.97,8.0085,0
104.11,8.2317,0
104.01,8.0613,0
104.35,8.6043,0
103.82,7.7678,0
103.67,7.5313,0
104.17,8.3269,0
103.85,7.8202,0
103.69,7.56,0
104.55,8.9355,0
104.02,8.0882,0
103.81,7.7472,0
103.87,7.8381,0
103.95,7.9668,0
103.78,7.7109,0
103.87,7.8515,0
104.41,8.7106,0
104.23,8.4227,0
104.5,8.858,0
103.87,7.8516,0
104.33,8.5722,0
104.3,8.5341,0
103.92,7.9206,0
104.5,8.8559,0
104.37,8.6487,0
104.08,8.1719,0
103.95,7.9647,0
104.09,8.1868,0
103.83,7.7776,0
104.42,8.7303,0
104.11,8.2189,0
103.97,8.002,0
104.47,8.804,0
104.36,8.6242,0
104.07,8.1582,0
104.09,8.1963,0
104.02,8.0841,0
103.99,8.0391,0
103.95,7.9786,0
103.97,8.0099,0
104.08,8.1751,0
103.85,7.8136,0
104.14,8.2793,0
104.04,8.1083,0
104.07,8.1665,0
104.13,8.259,0
104.47,8.8094,0
104.36,8.624,0
104.45,8.7755,0
104.35,8.6052,0
104.43,8.7357,0
103.94,7.9586,0
104.52,8.8849,0
104.52,8.8797,0
104.06,8.1531,0
104.29,8.5172,0
103.97,8.0048,0
104.09,8.1928,0
104.4,8.6839,0
104.03,8.0983,0
104.04,8.1064,0
104.32,8.5559,0
103.72,7.6078,0
104.17,8.3286,0
103.8,7.7378,0
103.88,7.8629,0
104.31,8.546,0
104.1,8.2074,0
104.37,8.643,0
104.1,8.2163,0
104.24,8.4333,0
104.53,8.9098,0
103.76,7.6729,0
104.02,8.0795,0
104.55,8.9359,0
104.43,8.7419,0
104.43,8.7441,0
104.34,8.594,0
103.7,7.583,0
104.22,8.3966,0
103.79,7.7139,0
104.55,8.9354,0
103.89,7.8747,0
104.3,8.535,0
103.83,7.7903,0
104.47,8.8013,0
103.79,7.7175,0
104.09,8.187,0
104.1,8.2082,0
104.39,8.6792,0
103.82,7.7649,0
103.68,7.5443,0
104.17,8.3169,0
103.98,8.0248,0
104.31,8.5388,0
103.68,7.5453,0
103.73,7.6198,0
104.24,8.4365,0
104.32,8.5681,0
103.7,7.5742,0
104.47,8.7998,0
103.78,7.7082,0
103.72,7.6087,0
103.71,7.5936,0
104.38,8.6563,0
104.46,8.7834,0
103.82,7.7675,0
103.86,7.8274,0
103.68,7.5458,0
104.17,8.3152,0
104.36,8.6281,0
104,8.0455,0
104.22,8.3956,0
103.87,7.8519,0
104.54,8.921,0
103.92,7.9174,0
104.38,8.6638,0
103.67,7.5339,0
103.83,7.7813,0
104,8.0508,0
104,8.0525,0
104.24,8.4331,0
103.83,7.7899,0
103.91,7.9021,0
104.23,8.4178,0
103.94,7.9525,0
103.97,8.0089,0
104.26,8.4723,0
104.25,8.4477,0
104.3,8.535,0
104.46,8.7833,0
104.09,8.2012,0
104.05,8.1342,0
103.74,7.642,0
104.02,8.083,0
104.37,8.637,0
104.2,8.3766,0
104.1,8.2111,0
104.5,8.8538,0
104.31,8.5407,0
104.2,8.3736,0
103.88,7.861,0
103.81,7.7463,0
104.24,8.44,0
103.94,7.9551,0
103.88,7.8648,0
103.73,7.6218,0
104.05,8.1362,0
103.83,7.7776,0
103.73,7.626,0
104.01,8.0674,0
104.06,8.1377,0
104.32,8.5566,0
104.23,8.416,0
103.78,7.7074,0
104.31,8.5497,0
103.69,7.5561,0
103.72,7.6087,0
104.52,8.8891,0
104.16,8.3066,0
104.11,8.2317,0
103.98,8.0138,0
104.52,8.8849,0
103.78,7.6995,0
104.54,8.9114,0
104.45,8.7739,0
104.31,8.5405,0
104.43,8.7357,0
104.34,8.5943,0
104.11,8.2326,0
103.94,7.9588,0
104.35,8.6057,0
103.85,7.8109,0
104.27,8.4867,0
104.05,8.1326,0
104.5,8.8496,0
104.31,8.5375,0
103.86,7.8279,0
104.2,8.3677,0
104.24,8.431,0
104.41,8.7146,0
103.98,8.014,0
103.77,7.6898,0
104.43,8.7328,0
104.26,8.4719,0
104.08,8.1803,0
104,8.0468,0
104.28,8.5018,0
103.79,7.716,0
103.89,7.874,0
103.76,7.6743,0
104.24,8.4402,0
103.74,7.639,0
104.18,8.3424,0
104.38,8.659,0
103.75,7.6574,0
104.35,8.6095,0
104.03,8.0943,0
104.31,8.5521,0
103.89,7.8724,0
103.85,7.8091,0
103.94,7.9628,0
104.02,8.0866,0
104.46,8.7885,0
104.02,8.0839,0
104.54,8.9172,0
103.96,7.9885,0
103.88,7.8652,0
103.82,7.7639,0
103.86,7.8359,0
104.01,8.0743,0
104.3,8.5303,0
103.78,7.697,0
103.7,7.5821,0
103.8,7.7394,0
103.86,7.8367,0
104.24,8.4302,0
104.44,8.7506,0
104.09,8.1927,0
104.18,8.3299,0
104.19,8.3555,0
103.75,7.6509,0
104.09,8.1944,0
103.92,7.928,0
104.05,8.1328,0
103.86,7.8224,0
104.36,8.6224,0
103.8,7.7291,0
104.4,8.6896,0
104.29,8.5109,0
103.68,7.5499,0
103.72,7.6149,0
103.95,7.9735,0
103.69,7.5685,0
103.74,7.6375,0
104.25,8.4485,0
104.12,8.2373,0
104.03,8.0959,0
104.21,8.3927,0
104.17,8.328,0
104.38,8.6636,0
104.36,8.6269,0
104.12,8.2366,0
104.01,8.0604,0
104.14,8.2774,0
103.8,7.7426,0
104.34,8.5893,0
104.47,8.8037,0
104.39,8.673,0
103.84,7.8003,0
104.08,8.1849,0
103.91,7.9143,0
104.08,8.1832,0
104.52,8.8866,0
103.75,7.6605,0
103.87,7.8522,0
104.53,8.8971,0
104.32,8.5567,0
103.79,7.7219,0
104.36,8.624,0
104.19,8.3482,0
103.85,7.811,0
104.2,8.3616,0
103.86,7.8274,0
104.49,8.8346,0
103.73,7.6304,0
104.52,8.8927,0
104.36,8.6243,0
104.31,8.5492,0
103.74,7.6341,0
103.9,7.8938,0
104.28,8.5026,0
103.92,7.9276,0
104.39,8.678,0
104.33,8.5768,0
104.22,8.3953,0
103.97,7.998,0
103.68,7.5432,0
104.27,8.4864,0
103.69,7.5593,0
104.37,8.6406,0
103.81,7.7501,0
104.33,8.5757,0
104.53,8.8995,0
104.06,8.1385,0
104.2,8.3704,0
104.23,8.4233,0
103.74,7.641,0
104.16,8.3047,0
103.99,8.0317,0
103.92,7.9248,0
103.96,7.9921,0
104.18,8.336,0
103.85,7.8119,0
103.72,7.6126,0
104.23,8.4187,0
104.39,8.6735,0
103.72,7.617,0
103.93,7.9414,0
104.08,8.1775,0
103.8,7.7385,0
104.42,8.723,0
104.46,8.788,0
103.93,7.947,0
104.12,8.241,0
104.19,8.3509,0
103.94,7.9539,0
104.24,8.4357,0
104.45,8.7687,0
103.84,7.8036,0
104.07,8.1574,0
103.68,7.5445,0
103.82,7.7674,0
103.97,7.9955,0
103.75,7.6622,0
104.18,8.3395,0
104.22,8.4037,0
103.78,7.7099,0
104.01,8.0633,0
103.78,7.7031,0
104.15,8.2854,0
103.79,7.7181,0
104.48,8.8161,0
104.07,8.1558,0
103.98,8.0222,0
104.52,8.8905,0
103.72,7.6059,0
104.32,8.5593,0
103.89,7.8816,0
104.45,8.7692,0
104.43,8.7346,0
103.87,7.8412,0
104.07,8.1655,0
104.3,8.526,0
103.71,7.5877,0
104.11,8.2272,0
104.42,8.7247,0
104.13,8.2578,0
103.8,7.7272,0
104.21,8.3777,0
104.05,8.1332,0
104.47,8.8032,0
104.28,8.4938,0
104.09,8.1994,0
103.93,7.9351,0
104.29,8.5193,0
104.02,8.0766,0
104.39,8.6693,0
104.51,8.8745,0
103.78,7.7001,0
104.13,8.2582,0
103.88,7.8587,0
104.31,8.5521,0
103.83,7.7794,0
104.42,8.7222,0
104.27,8.4739,0
104.45,8.7795,0
104.47,8.8113,0
104.43,8.7469,0
103.93,7.9367,0
103.85,7.8097,0
104.42,8.7261,0
103.94,7.9629,0
104.14,8.2759,0
103.98,8.0158,0
104.22,8.3931,0
104.39,8.6814,0
103.91,7.9075,0
104.16,8.3102,0
103.79,7.7172,0
104.24,8.4296,0
103.95,7.9649,0
104.02,8.0829,0
104.15,8.2898,0
103.85,7.8189,0
103.88,7.8647,0
104.48,8.8167,0
103.81,7.7562,0
104.5,8.8477,0
104.41,8.702,0
103.94,7.9489,0
104.07,8.1637,0
103.96,7.9881,0
104.26,8.4675,0
103.72,7.6131,0
104.34,8.5959,0
103.88,7.8671,0
104.45,8.7667,0
103.84,7.8006,0
103.81,7.7562,0
104.47,8.8102,0
104.18,8.3445,0
104.24,8.4286,0
104.41,8.7054,0
104.1,8.2112,0
103.83,7.7799,0
103.9,7.8879,0
103.81,7.7523,0
103.95,7.9725,0
104.44,8.7579,0
103.87,7.8461,0
104.2,8.3614,0
104.13,8.254,0
103.93,7.9394,0
104.38,8.6556,0
103.9,7.9002,0
103.98,8.0158,0
104.5,8.8502,0
103.7,7.586,0
103.89,7.8847,0
103.82,7.7593,0
104.06,8.1413,0
104.01,8.0693,0
104.05,8.132,0
104.44,8.758,0
103.95,7.9773,0
104.55,8.9354,0
104.37,8.6384,0
104.44,8.7503,0
103.86,7.8324,0
103.81,7.7445,0
104.07,8.1533,0
103.75,7.6562,0
104.49,8.8358,0
103.84,7.795,0
104.1,8.2159,0
104.43,8.7345,0
104.09,8.1867,0
104.47,8.8112,0
103.88,7.8665,0
104.31,8.5376,0
103.9,7.8877,0
103.71,7.6001,0
103.68,7.5469,0
104.16,8.2977,0
104.12,8.2348,0
103.78,7.6962,0
104.4,8.6972,0
104.24,8.4258,0
104.42,8.7192,0
104.43,8.7413,0
103.81,7.758,0
104.17,8.3172,0
103.76,7.6714,0
103.77,7.6926,0
104.1,8.2165,0
104.42,8.7185,0
104.34,8.5895,0
104.03,8.0907,0
104.17,8.3251,0
103.86,7.825,0
104.35,8.6096,0
104.24,8.4291,0
104.42,8.7194,0
104.3,8.5347,0
104.48,8.8194,0
104.01,8.0684,0
103.9,7.9004,0
103.94,7.9477,0
104.38,8.6582,0
104.05,8.1374,0
104.52,8.891,0
104.45,8.7647,0
104.21,8.3863,0
104.27,8.4783,0
104.13,8.2616,0
103.88,7.8555,0
103.92,7.9169,0
103.72,7.6108,0
103.73,7.6241,0
104.22,8.404,0
103.73,7.6278,0
104.21,8.3794,0
104.06,8.1485,0
103.9,7.899,0
103.93,7.9433,0
104,8.0558,0
104.38,8.6528,0
104.31,8.5497,0
104.4,8.6944,0
103.71,7.5997,0
104.41,8.7015,0
103.9,7.8923,0
104.12,8.2437,0
103.9,7.8945,0
103.73,7.6321,0
103.77,7.6883,0
103.94,7.9504,0
104.11,8.219,0
104.51,8.8758,0
104.2,8.3626,0
103.82,7.7675,0
103.82,7.761,0
104.08,8.1697,0
104.35,8.6096,0
104.22,8.4079,0
104.15,8.2848,0
103.72,7.6042,0
104.25,8.4509,0
104.04,8.1114,0
104.15,8.2851,0
104.55,8.934,0
104.02,8.0893,0
103.93,7.9449,0
103.99,8.041,0
103.76,7.6659,0
104.03,8.1041,0
103.68,7.542,0
103.93,7.9431,0
103.76,7.6685,0
104.54,8.9234,0
103.72,7.6039,0
103.9,7.8979,0
103.74,7.6389,0
103.74,7.6337,0
103.72,7.6163,0
104.01,8.0603,0
103.88,7.8558,0
104.36,8.6308,0
104.27,8.4796,0
103.75,7.6609,0
104.53,8.9066,0
104.4,8.6874,0
103.67,7.5316,0
103.79,7.7187,0
103.88,7.8622,0
103.75,7.6628,0
103.72,7.6079,0
104.51,8.8749,0
104.06,8.1505,0
103.7,7.5711,0
104.03,8.1033,0
104.17,8.3221,0
104.23,8.4133,0
104.08,8.1745,0
104.47,8.7964,0
103.83,7.7872,0
103.77,7.6899,0
104.17,8.314,0
103.88,7.8603,0
104.34,8.5943,0
104.3,8.5328,0
103.89,7.8719,0
104.08,8.1727,0
104.02,8.0838,0
104.2,8.3649,0
103.88,7.8561,0
104.16,8.3061,0
104.17,8.324,0
104.18,8.3421,0
103.68,7.5495,0
104.06,8.1426,0
104.01,8.0678,0
104.09,8.1993,0
104.45,8.7787,0
103.96,7.9908,0
104.09,8.1977,0
104.24,8.4277,0
103.87,7.8499,0
104.55,8.9298,0
104.4,8.6835,0
104.19,8.3599,0
104.34,8.5905,0
104.33,8.5726,0
104.05,8.1258,0
104.27,8.4833,0
104.42,8.7236,0
104.06,8.1451,0
103.96,7.9809,0
103.7,7.578,0
104.4,8.6873,0
103.72,7.613,0
103.81,7.7538,0
103.84,7.7939,0
104.04,8.1113,0
103.72,7.6089,0
104.35,8.6169,0
104.44,8.7586,0
103.71,7.5974,0
104.47,8.8012,0
104.34,8.6017,0
104.13,8.2554,0
104.46,8.7828,0
104.5,8.8543,0
103.7,7.58,0
104.14,8.2705,0
104.26,8.4689,0
104.43,8.7321,0
103.92,7.9231,0
103.99,8.0323,0
103.72,7.6093,0
103.81,7.745,0
104.54,8.9145,0
104.06,8.1427,0
103.82,7.7697,0
103.82,7.7608,0
104.22,8.4087,0
104.29,8.5205,0
103.9,7.8893,0
104.54,8.9241,0
103.73,7.6235,0
104.31,8.5432,0
104.36,8.6205,0
103.78,7.7107,0
104.29,8.511,0
103.69,7.5662,0
104.42,8.7223,0
104.36,8.622,0
104.19,8.3555,0
104.23,8.4159,0
103.87,7.8499,0
103.74,7.6425,0
103.88,7.8613,0
104.31,8.5388,0
104.53,8.9007,0
104.03,8.0942,0
104.05,8.1296,0
103.68,7.5455,0
103.69,7.5671,0
103.85,7.8142,0
103.78,7.7021,0
104.03,8.1025,0
104.51,8.8754,0
103.77,7.6825,0
104.21,8.3804,0
104.25,8.4459,0
103.88,7.8578,0
103.68,7.5447,0
103.98,8.016,0
104.23,8.41,0
103.92,7.9243,0
103.73,7.6308,0
104.51,8.8742,0
103.8,7.7371,0
104.47,8.812,0
104.46,8.7937,0
104.52,8.8903,0
104.36,8.6255,0
103.8,7.7312,0
103.75,7.6517,0
104.36,8.6231,0
103.67,7.5309,0
104.24,8.4281,0
103.89,7.8815,0
103.67,7.5313,0
104.44,8.7584,0
103.77,7.6842,0
103.91,7.9055,0
104.37,8.6418,0
103.71,7.5914,0
104.31,8.5442,0
103.97,8.0061,0
104.19,8.3561,0
104.37,8.6498,0
103.74,7.6385,0
104.26,8.4595,0
104.54,8.9223,0
103.79,7.7169,0
103.91,7.9119,0
103.72,7.6173,0
103.73,7.628,0
104.11,8.2269,0
104.51,8.8632,0
104.19,8.3475,0
104.08,8.1801,0
104.53,8.9082,0
103.92,7.9207,0
104.23,8.421,0
104,8.0586,0
103.7,7.5783,0
103.88,7.8567,0
103.85,7.8107,0
104.55,8.9338,0
104.35,8.6124,0
103.95,7.9675,0
104.54,8.9206,0
103.96,7.9823,0
104.51,8.8739,0
103.81,7.7534,0
104.43,8.7355,0
103.89,7.8789,0
103.72,7.6053,0
103.9,7.8881,0
103.81,7.7494,0
104.05,8.1295,0
104.12,8.2479,0
103.92,7.9266,0
104.11,8.2194,0
104.12,8.2467,0
104.16,8.3121,0
103.94,7.9597,0
103.84,7.7968,0
104.14,8.2651,0
104.02,8.0838,0
103.83,7.788,0
104.25,8.4493,0
104.16,8.3064,0
103.79,7.713,0
103.81,7.7523,0
103.8,7.7411,0
104.33,8.5822,0
104.1,8.2128,0
104.26,8.4669,0
103.8,7.7277,0
103.82,7.7655,0
103.83,7.7895,0
104.23,8.4229,0
103.78,7.6989,0
103.93,7.9404,0
103.84,7.8035,0
104.08,8.171,0
104.51,8.87,0
103.9,7.8921,0
104.21,8.3864,0
103.81,7.757,0
104.27,8.4739,0
103.7,7.5751,0
103.96,7.9827,0
103.79,7.7209,0
103.77,7.6874,0
104.41,8.7025,0
103.95,7.9782,0
104.22,8.4047,0
103.75,7.6608,0
103.95,7.9773,0
103.92,7.9223,0
103.99,8.0326,0
104.48,8.8257,0
104.01,8.0638,0
103.74,7.646,0
104.44,8.7561,0
104.4,8.6905,0
103.93,7.9358,0
104.49,8.8354,0
104.12,8.2344,0
103.92,7.9306,0
104.15,8.2932,0
104.03,8.1062,0
104.25,8.4521,0
103.87,7.8422,0
103.72,7.6044,0
104.07,8.1566,0
104.48,8.8137,0
104.15,8.2958,0
104.17,8.3229,0
103.67,7.5338,0
104.14,8.2685,0
104.2,8.375,0
104.36,8.6196,0
104.17,8.3139,0
103.74,7.6412,0
104.11,8.2269,0
104.2,8.3632,0
103.99,8.0424,0
104.19,8.3502,0
104,8.0461,0
104.22,8.4066,0
104.01,8.0718,0
103.71,7.5982,0
104.21,8.3787,0
104.07,8.1623,0
104.54,8.9197,0
103.71,7.5955,0
104.13,8.2539,0
103.84,7.8062,0
103.68,7.5469,0
103.9,7.8849,0
104.34,8.5918,0
103.83,7.7876,0
104.32,8.5632,0
103.67,7.5307,0
104.1,8.2083,0
104.11,8.2313,0
103.67,7.5388,0
104.32,8.5668,0
104.11,8.2234,0
104.03,8.1031,0
103.96,7.985,0
103.9,7.8877,0
104.02,8.0796,0
103.73,7.6309,0
103.88,7.8555,0
103.77,7.6956,0
104.37,8.6376,0
103.88,7.868,0
103.92,7.9238,0
104.54,8.9211,0
103.94,7.9627,0
104.17,8.3265,0
103.72,7.6081,0
104.16,8.2972,0
104.43,8.7429,0
103.86,7.8261,0
104.5,8.8503,0
103.7,7.5732,0
104.46,8.7811,0
103.72,7.6033,0
104.19,8.3509,0
103.8,7.7311,0
104.17,8.3172,0
103.84,7.8,0
103.83,7.7792,0
103.84,7.8034,0
103.72,7.6131,0
103.94,7.955,0
104.24,8.4399,0
104.3,8.5342,0
104.32,8.5625,0
104.32,8.564,0
104.55,8.9273,0
104.52,8.893,0
103.85,7.81,0
104.35,8.6059,0
104.07,8.1633,0
104.04,8.1183,0
103.76,7.6645,0
104.01,8.0706,0
104.08,8.1776,0
104.39,8.6736,0
104.13,8.2546,0
104.32,8.5692,0
103.96,7.9912,0
103.8,7.7278,0
104.35,8.6098,0
104.39,8.6833,0
103.92,7.9271,0
103.75,7.659,0
103.83,7.7809,0
104.14,8.2653,0
104.09,8.1935,0
103.92,7.9212,0
104.14,8.2669,0
103.73,7.6192,0
103.85,7.8171,0
103.84,7.8,0
104.11,8.2271,0
104.53,8.9093,0
103.91,7.906,0
104,8.0498,0
103.7,7.5749,0
103.69,7.5671,0
103.82,7.7627,0
103.82,7.7653,0
103.89,7.8805,0
104.32,8.5556,0
104.22,8.4007,0
103.95,7.9635,0
104.36,8.6205,0
104.06,8.1478,0
103.8,7.7326,0
104.53,8.9004,0
104.54,8.9221,0
103.95,7.975,0
103.99,8.0295,0
103.7,7.5723,0
103.98,8.0244,0
104.16,8.3087,0
104.02,8.0866,0
104.13,8.2596,0
103.91,7.9102,0
104.06,8.1386,0
104.46,8.781,0
103.83,7.7875,0
104.36,8.625,0
103.87,7.84,0
103.71,7.6016,0
103.76,7.6666,0
103.72,7.6061,0
103.88,7.8647,0
104.11,8.225,0
103.73,7.6253,0
104.43,8.7363,0
103.87,7.8516,0
104.05,8.138,0
104.31,8.5488,0
103.93,7.9409,0
103.86,7.8324,0
104.22,8.3978,0
104.23,8.4232,0
104.49,8.8392,0
104.12,8.2373,0
104.22,8.4071,0
103.99,8.0298,0
104.09,8.1983,0
104.32,8.556,0
103.97,8.0015,0
104.07,8.1635,0
103.89,7.8791,0
103.99,8.0273,0
104.15,8.2954,0
104.19,8.3531,0
104.06,8.1399,0
104.14,8.2747,0
103.68,7.5398,0
104.43,8.7412,0
104.16,8.2973,0
103.94,7.9575,0
103.8,7.7383,0
103.71,7.5931,0
103.83,7.7873,0
103.74,7.6417,0
103.98,8.0159,0
104.33,8.5798,0
104.01,8.0708,0
103.81,7.7485,0
104.09,8.1927,0
103.87,7.8411,0
104.05,8.1343,0
104.16,8.3021,0
103.97,8.0063,0
104.17,8.3245,0
104.3,8.5284,0
103.75,7.662,0
103.92,7.9205,0
104.18,8.3328,0
104.32,8.5608,0
103.73,7.6231,0
103.91,7.9093,0
104.5,8.8591,0
104.48,8.8197,0
103.92,7.9318,0
103.97,7.9984,0
103.81,7.7502,0
104.29,8.5183,0
103.77,7.6866,0
103.88,7.8671,0
104.51,8.8707,0
104.02,8.0768,0
104.02,8.0857,0
104.08,8.1708,0
104.03,8.0967,0
103.69,7.559,0
103.77,7.6921,0
104.03,8.097,0
103.89,7.8841,0
104.17,8.323,0
103.88,7.8664,0
104.31,8.5401,0
103.99,8.0376,0
104.33,8.5839,0
103.76,7.6644,0
103.93,7.9414,0
103.99,8.0414,0
103.9,7.8941,0
104.09,8.1974,0
103.85,7.8095,0
104.51,8.8621,0
104.11,8.2317,0
104.01,8.0616,0
104.39,8.6766,0
103.82,7.7703,0
103.79,7.7172,0
104.54,8.9236,0
104.06,8.14,0
104.51,8.8772,0
104.3,8.5368,0
104.35,8.6108,0
103.84,7.7941,0
103.97,8.0021,0
104.23,8.4178,0
104.06,8.1523,0
103.99,8.0426,0
103.76,7.6658,0
104.04,8.1104,0
104.34,8.5943,0
104.47,8.8085,0
103.71,7.59,0
103.9,7.8934,0
103.69,7.5596,0
104.09,8.1898,0
103.81,7.7462,0
104.09,8.1928,0
104.21,8.381,0
103.69,7.5616,0
103.82,7.7643,0
103.71,7.5985,0
104.47,8.798,0
103.79,7.7123,0
103.72,7.6135,0
104.37,8.6433,0
104.32,8.5623,0
104.45,8.7666,0
103.67,7.5388,0
103.79,7.7257,0
103.99,8.0286,0
103.85,7.8216,0
104.2,8.3752,0
104,8.0587,0
103.75,7.6574,0
103.97,8.0002,0
104.37,8.6377,0
104.37,8.6473,0
103.89,7.8831,0
103.79,7.7207,0
103.94,7.9613,0
104.04,8.1202,0
104.21,8.3892,0
104.05,8.1327,0
104.13,8.2624,0
103.69,7.5673,0
103.97,8.0068,0
104.12,8.2346,0
103.87,7.8501,0
103.72,7.607,0
104.18,8.3392,0
103.67,7.5386,0
104.07,8.1586,0
103.82,7.7597,0
104.09,8.1978,0
104.1,8.2148,0
104.44,8.7572,0
104.09,8.1878,0
103.72,7.6171,0
104.54,8.9136,0
104.39,8.6778,0
103.85,7.8169,0
104.04,8.1144,0
103.79,7.7273,0
103.93,7.9332,0
103.82,7.7646,0
104.24,8.4307,0
104.01,8.0637,0
103.87,7.8399,0
103.8,7.7313,0
103.98,8.0232,0
104.02,8.0884,0
103.7,7.5849,0
104.53,8.9082,0
104.34,8.6016,0
104.48,8.8266,0
104.5,8.8521,0
103.76,7.6646,0
103.74,7.6459,0
104.06,8.1478,0
104.06,8.1522,0
103.83,7.7786,0
104,8.0522,0
104.01,8.0632,0
104.53,8.9027,0
104.22,8.4067,0
103.9,7.8987,0
104.48,8.8253,0
103.72,7.6044,0
103.91,7.9063,0
104.35,8.6134,0
103.69,7.5598,0
104.13,8.2561,0
103.87,7.8442,0
103.67,7.5382,0
104.11,8.2268,0
103.88,7.8623,0
104.16,8.3084,0
104.38,8.6543,0
103.68,7.5498,0
104.48,8.8167,0
104.33,8.5716,0
103.71,7.5929,0
103.83,7.7854,0
103.73,7.6276,0
104.52,8.8819,0
104.28,8.5,0
104.1,8.2128,0
103.84,7.8043,0
104.29,8.5072,0
103.76,7.6772,0
103.92,7.9212,0
103.92,7.9214,0
103.75,7.6599,0
103.82,7.7699,0
104.19,8.347,0
103.67,7.5394,0
103.81,7.7571,0
104.22,8.3953,0
104.54,8.9175,0
103.84,7.8024,0
104.31,8.5444,0
103.89,7.8771,0
104.45,8.7652,0
104.13,8.2585,0
104.5,8.8469,0
103.81,7.7501,0
103.91,7.9108,0
103.69,7.5596,0
103.87,7.8507,0
104.23,8.4113,0
104.16,8.3093,0
103.67,7.5323,0
103.72,7.6112,0
104.01,8.0656,0
104.4,8.6922,0
104.23,8.4111,0
103.88,7.8688,0
104.21,8.3807,0
103.74,7.648,0
104.34,8.5944,0
104.4,8.6989,0
104.14,8.2706,0
104.02,8.0822,0
104.16,8.3015,0
104.35,8.6048,0
104.44,8.7614,0
104.02,8.0854,0
103.97,8.0041,0
104.12,8.2435,0
103.8,7.7318,0
103.73,7.627,0
104.11,8.2278,0
103.77,7.6873,0
103.75,7.6541,0
103.69,7.5625,0
104.24,8.4352,0
104.03,8.0985,0
104.34,8.6006,0
103.72,7.6138,0
104.27,8.4888,0
104.13,8.2582,0
104.08,8.1844,0
104.29,8.5072,0
104.11,8.2271,0
103.81,7.7469,0
103.77,7.6875,0
104.5,8.8467,0
104.19,8.3583,0
103.91,7.9103,0
104.21,8.3791,0
103.81,7.7445,0
103.95,7.9656,0
104.5,8.8461,0
104.51,8.8732,0
104.04,8.1204,0
104.43,8.7443,0
104.38,8.6584,0
103.97,7.9958,0
104.17,8.3234,0
104.5,8.8585,0
103.82,7.7595,0
104.52,8.8781,0
103.74,7.6396,0
103.81,7.7449,0
103.83,7.7762,0
103.8,7.7433,0
103.98,8.0249,0
103.97,8.0087,0
104.33,8.5846,0
104.22,8.4072,0
104.18,8.3443,0
104.42,8.7189,0
104.05,8.1356,0
103.91,7.9149,0
103.78,7.704,0
104.34,8.6014,0
104,8.057,0
104.17,8.3245,0
103.71,7.6022,0
104.55,8.9321,0
103.93,7.9368,0
103.84,7.8061,0
103.94,7.9611,0
103.83,7.7852,0
104.48,8.8196,0
104.39,8.6752,0
104.25,8.4526,0
103.81,7.7559,0
104.11,8.2302,0
104.18,8.3401,0
104.47,8.8086,0
104.42,8.7241,0
104,8.0431,0
104.26,8.4574,0
103.97,8.0055,0
104.47,8.811,0
103.95,7.9704,0
104.49,8.8346,0
104.01,8.0742,0
104.1,8.2108,0
104.07,8.1667,0
103.99,8.0417,0
103.75,7.6641,0
104.02,8.0837,0
104.12,8.247,0
104.42,8.7277,0
104.29,8.5175,0
103.83,7.7875,0
104.4,8.6875,0
104.3,8.5231,0
104.28,8.4934,0
103.87,7.8451,0
104.36,8.6237,0
104.38,8.665,0
103.84,7.7941,0
104.06,8.1532,0
104.06,8.1525,0
103.72,7.6149,0
103.97,8.0068,0
103.73,7.6329,0
104.47,8.8012,0
104.12,8.2372,0
103.83,7.7857,0
103.82,7.7604,0
104.02,8.0861,0
104.08,8.1696,0
103.73,7.6204,0
103.92,7.9309,0
104.09,8.186,0
104.04,8.1212,0
104.28,8.5016,0
104.16,8.3114,0
103.73,7.626,0
103.84,7.7959,0
104.13,8.2578,0
104.07,8.1621,0
103.87,7.8439,0
104.06,8.1523,0
103.89,7.873,0
103.76,7.6686,0
104.29,8.5103,0
103.69,7.5638,0
103.73,7.6201,0
103.79,7.7202,0
103.88,7.8566,0
103.99,8.0409,0
103.96,7.9828,0
103.69,7.5617,0
104.5,8.8548,0
103.69,7.5689,0
104.41,8.7067,0
104.08,8.1824,0
103.91,7.9149,0
103.78,7.7024,0
103.79,7.7266,0
104.26,8.4614,0
103.81,7.7577,0
104.23,8.4152,0
104.23,8.4135,0
103.81,7.7513,0
103.96,7.9929,0
104.23,8.4171,0
104.39,8.6736,0
104.09,8.192,0
104.21,8.3923,0
103.95,7.9741,0
103.71,7.5923,0
104.06,8.1429,0
104.05,8.1259,0
104.51,8.867,0
104.42,8.7158,0
103.79,7.7213,0
103.86,7.8267,0
104.32,8.5601,0
103.94,7.9535,0
104.14,8.2741,0
103.74,7.6405,0
103.81,7.7512,0
103.69,7.5648,0
104.48,8.8227,0
103.86,7.8311,0
103.99,8.0345,0
103.79,7.7232,0
103.79,7.7127,0
103.95,7.9638,0
103.86,7.8266,0
103.82,7.7597,0
104.46,8.7897,0
104.46,8.7805,0
103.89,7.871,0
104.4,8.6891,0
103.97,8.0106,0
104.33,8.5827,0
104.11,8.2195,0
103.7,7.5725,0
104.08,8.1754,0
103.72,7.6094,0
103.83,7.7809,0
104.45,8.7766,0
103.72,7.6118,0
104.13,8.2568,0
103.72,7.614,0
104.29,8.5146,0
103.76,7.6694,0
104.1,8.2083,0
103.73,7.6228,0
104.47,8.8094,0
104.15,8.2945,0
103.74,7.6349,0
104.5,8.858,0
103.71,7.5991,0
103.73,7.6237,0
104,8.0569,0
104.48,8.8195,0
104.54,8.9179,0
104.29,8.5185,0
104.23,8.4229,0
103.87,7.8422,0
104.29,8.5162,0
104.07,8.1569,0
103.98,8.0266,0
104.08,8.1805,0
103.68,7.5498,0
103.91,7.9113,0
104.08,8.183,0
104.41,8.7145,0
103.7,7.5773,0
103.92,7.9177,0
104.37,8.641,0
104.02,8.0884,0
103.99,8.0307,0
103.71,7.5982,0
104.12,8.2456,0
104.53,8.9003,0
104.26,8.466,0
104.34,8.5932,0
103.95,7.9733,0
104.2,8.3747,0
103.76,7.6773,0
104.31,8.5488,0
104.44,8.7583,0
104.47,8.8012,0
103.72,7.6035,0
104.15,8.2857,0
103.95,7.9735,0
103.96,7.9867,0
104.42,8.721,0
104.23,8.413,0
104.54,8.9162,0
103.81,7.7555,0
104.12,8.235,0
104.28,8.4895,0
104.42,8.7192,0
104.03,8.0955,0
104.46,8.7862,0
104.43,8.7345,0
104.15,8.2905,0
104.41,8.7067,0
104.2,8.3768,0
104.29,8.5084,0
104.41,8.7057,0
103.67,7.5384,0
104.47,8.8112,0
103.89,7.879,0
104.26,8.4605,0
103.9,7.8866,0
103.84,7.7913,0
103.82,7.7708,0
104.4,8.6945,0
103.76,7.6733,0
103.82,7.7639,0
104,8.0493,0
103.69,7.5599,0
103.92,7.924,0
104.52,8.887,0
104.18,8.3336,0
103.77,7.687,0
103.94,7.9503,0
103.72,7.6029,0
103.97,8.0057,0
103.82,7.7657,0
103.85,7.8107,0
103.84,7.7931,0
103.88,7.8674,0
104.53,8.9006,0
104.33,8.5768,0
103.85,7.8211,0
104.37,8.6392,0
104.2,8.3632,0
104.54,8.9202,0
103.7,7.5749,0
103.74,7.6349,0
103.88,7.8623,0
103.73,7.6212,0
104.48,8.8245,0
104.46,8.7879,0
103.99,8.0389,0
104.22,8.3994,0
104.16,8.3049,0
104.23,8.4185,0
104.01,8.0645,0
103.72,7.6084,0
103.86,7.8262,0
104.29,8.5197,0
104.49,8.8342,0
103.95,7.9774,0
104.49,8.8354,0
103.73,7.6262,0
104.3,8.5324,0
103.87,7.8468,0
103.97,8.0078,0
104.33,8.5835,0
103.71,7.6009,0
103.84,7.8044,0
103.75,7.6519,0
104.3,8.5324,0
103.78,7.6968,0
104.19,8.3545,0
103.8,7.7298,0
104.06,8.1437,0
104.36,8.6312,0
104.49,8.8297,0
104.32,8.5619,0
104.28,8.491,0
104.05,8.1264,0
103.93,7.9476,0
103.83,7.786,0
104.1,8.2164,0
103.8,7.7351,0
104.01,8.0638,0
104.17,8.3265,0
104.07,8.1552,0
104.53,8.8967,0
104.34,8.5978,0
104.52,8.8826,0
104.15,8.293,0
103.71,7.6001,0
103.84,7.8029,0
104.49,8.8364,0
104.39,8.6703,0
104.18,8.3371,0
103.87,7.8495,0
103.71,7.5996,0
104.1,8.2088,0
103.8,7.7425,0
103.75,7.655,0
103.79,7.7222,0
104.25,8.4423,0
104.04,8.1126,0
104.04,8.121,0
104.03,8.106,0
104.43,8.744,0
103.7,7.5711,0
104.53,8.8959,0
103.98,8.0266,0
104.36,8.6232,0
104.4,8.6936,0
104.51,8.873,0
103.83,7.7891,0
104.3,8.5346,0
104.08,8.1707,0
104.33,8.5704,0
103.99,8.0373,0
104.39,8.6736,0
104.4,8.689,0
103.74,7.6384,0
104.47,8.801,0
103.8,7.7409,0
103.84,7.7914,0
104.02,8.0816,0
103.92,7.9242,0
104.29,8.5193,0
103.78,7.7041,0
103.94,7.9571,0
103.77,7.6845,0
104.43,8.7343,0
104.5,8.8493,0
104.49,8.8403,0
103.93,7.9362,0
104.48,8.8223,0
103.79,7.723,0
103.7,7.5715,0
103.91,7.9121,0
104.01,8.0666,0
103.84,7.7989,0
103.8,7.7287,0
104.48,8.8151,0
104.01,8.0626,0
103.71,7.5976,0
104.23,8.4238,0
103.69,7.5597,0
103.68,7.5484,0
103.93,7.94,0
104.35,8.6174,0
103.9,7.891,0
103.91,7.9057,0
103.98,8.0224,0
103.76,7.6659,0
104.31,8.5515,0
104.15,8.2878,0
104.4,8.687,0
104.49,8.8346,0
103.8,7.7277,0
103.77,7.687,0
103.69,7.56,0
103.93,7.9369,0
104.02,8.087,0
104.48,8.8242,0
104.46,8.7822,0
104.39,8.679,0
104.33,8.5804,0
103.78,7.6978,0
104.02,8.0876,0
104.03,8.0915,0
103.85,7.8063,0
103.74,7.6487,0
103.73,7.6282,0
104.29,8.5093,0
104.19,8.358,0
103.98,8.0123,0
104.2,8.3768,0
104.06,8.148,0
103.68,7.5424,0
104.05,8.1374,0
104.09,8.1988,0
103.92,7.9235,0
104.01,8.0747,0
104.39,8.6698,0
104.12,8.2462,0
104.13,8.2525,0
104.49,8.8418,0
104.11,8.2206,0
104.17,8.3271,0
103.77,7.6812,0
103.84,7.806,0
103.74,7.6384,0
104.24,8.4338,0
104.46,8.7921,0
103.74,7.6372,0
103.79,7.7234,0
104.2,8.3652,0
104.17,8.3264,0
104.1,8.2046,0
104.48,8.828,0
103.93,7.9429,0
103.86,7.8346,0
104.1,8.2042,0
104.15,8.2949,0
104.14,8.2708,0
104.14,8.2767,0
104.18,8.3292,0
104.1,8.2149,0
104.28,8.5012,0
103.77,7.6902,0
103.72,7.6134,0
103.8,7.7327,0
104.03,8.0913,0
103.77,7.6804,0
103.73,7.633,0
104.47,8.801,0
104.47,8.8045,0
103.88,7.8684,0
104,8.0453,0
104.35,8.6089,0
103.98,8.0177,0
103.8,7.7405,0
104.27,8.483,0
104.33,8.5706,0
104.33,8.5725,0
104.25,8.4499,0
103.98,8.016,0
104.52,8.8803,0
103.73,7.6333,0
104.31,8.5401,0
104.29,8.5158,0
103.7,7.5712,0
104.25,8.4485,0
104.43,8.7466,0
104.2,8.3762,0
103.98,8.0205,0
103.83,7.7775,0
104.12,8.2394,0
104.43,8.7321,0
104.51,8.8719,0
104.23,8.4204,0
103.7,7.5792,0
103.69,7.5594,0
103.84,7.7944,0
104.18,8.3296,0
104.04,8.1194,0
104.46,8.7864,0
103.67,7.5339,0
103.73,7.6225,0
103.89,7.8755,0
104.14,8.2729,0
103.95,7.9752,0
103.91,7.9064,0
103.82,7.7617,0
104.15,8.2817,0
104.41,8.7072,0
103.85,7.8198,0
103.87,7.8409,0
103.91,7.9026,0
103.95,7.973,0
103.75,7.663,0
103.91,7.9013,0
104.46,8.7884,0
104.49,8.8434,0
104.16,8.3105,0
104.2,8.3731,0
103.93,7.9451,0
104.2,8.3674,0
103.96,7.9918,0
103.8,7.7277,0
104.1,8.2086,0
103.75,7.6553,0
103.96,7.9897,0
104.01,8.0671,0
103.82,7.7638,0
104.41,8.7023,0
104.09,8.1976,0
104.45,8.7652,0
104.44,8.7529,0
103.76,7.6681,0
104.08,8.1761,0
103.87,7.8532,0
104.36,8.62,0
104.01,8.0707,0
104.27,8.483,0
104.48,8.8252,0
104.48,8.8289,0
103.95,7.9735,0
103.87,7.8404,0
104.44,8.7631,0
104.45,8.7788,0
104.12,8.2491,0
104.29,8.509,0
103.78,7.7054,0
103.77,7.6839,0
104.1,8.2118,0
103.97,7.9998,0
104,8.0536,0
103.82,7.7677,0
103.87,7.8408,0
103.79,7.7269,0
103.85,7.8171,0
104.07,8.1586,0
103.8,7.7357,0
104.26,8.4678,0
104.12,8.2386,0
104.29,8.5081,0
104.43,8.7412,0
103.91,7.9027,0
104.27,8.4733,0
104.48,8.8231,0
104.46,8.7916,0
103.94,7.9544,0
103.86,7.8352,0
103.9,7.8984,0
104.14,8.272,0
104.28,8.4993,0
103.89,7.8752,0
104.34,8.5894,0
103.86,7.8356,0
104.12,8.2338,0
103.77,7.6826,0
103.93,7.9401,0
103.78,7.6958,0
104.15,8.2929,0
104.02,8.0763,0
104.48,8.8231,0
104.22,8.3995,0
103.73,7.6329,0
104.4,8.6922,0
104.43,8.7366,0
104.22,8.4059,0
103.86,7.8272,0
104.43,8.7444,0
104.43,8.7412,0
103.82,7.7676,0
103.68,7.5531,0
103.75,7.6529,0
104.55,8.9323,0
104.55,8.9337,0
104.32,8.5688,0
104.47,8.811,0
104.27,8.4871,0
104.55,8.9342,0
103.89,7.8745,0
104.29,8.5164,0
104.1,8.2121,0
104.33,8.5745,0
104.36,8.6207,0
103.73,7.6332,0
104.46,8.7819,0
104.13,8.2615,0
103.98,8.0146,0
104.3,8.5309,0
104.16,8.2994,0
103.7,7.5835,0
103.87,7.8491,0
104.52,8.8853,0
104.5,8.8454,0
103.74,7.6422,0
104.45,8.7687,0
103.9,7.8866,0
103.72,7.6159,0
103.79,7.716,0
104.13,8.2583,0
104.5,8.848,0
104.21,8.3821,0
104.37,8.6387,0
103.71,7.5899,0
103.95,7.9636,0
103.97,8.008,0
103.89,7.883,0
104.43,8.7393,0
104.45,8.7727,0
104.05,8.1236,0
104.2,8.3661,0
103.89,7.8842,0
104.15,8.2881,0
104.31,8.5451,0
104.46,8.7852,0
104.39,8.6752,0
104.53,8.8957,0
104.22,8.3958,0
103.9,7.8855,0
103.99,8.0311,0
104.07,8.1685,0
103.73,7.6225,0
103.84,7.7979,0
104.07,8.1542,0
103.88,7.8673,0
104.44,8.7631,0
104.26,8.4606,0
103.75,7.6545,0
104.29,8.5189,0
104.06,8.1489,0
104.16,8.3113,0
104.53,8.9006,0
103.79,7.718,0
103.77,7.6897,0
104.46,8.793,0
103.75,7.6529,0
104.06,8.1403,0
104.27,8.4832,0
104.01,8.0653,0
103.69,7.5576,0
104.37,8.646,0
104.03,8.0995,0
104.45,8.7645,0
104.25,8.45,0
104.35,8.6046,0
104.11,8.2216,0
104.09,8.1869,0
103.76,7.6711,0
104.53,8.8966,0
104.28,8.5002,0
103.76,7.6753,0
104.39,8.6746,0
104.47,8.7968,0
104.2,8.3653,0
104.43,8.7443,0
104.24,8.4383,0
104.1,8.2153,0
103.92,7.9213,0
104.35,8.6109,0
104.39,8.6793,0
103.79,7.7194,0
104.06,8.1412,0
104.03,8.0917,0
104.35,8.6134,0
104.4,8.6914,0
103.69,7.5629,0
104.51,8.8623,0
103.87,7.8521,0
103.99,8.028,0
103.98,8.0223,0
103.9,7.8964,0
104.34,8.5947,0
104.47,8.8099,0
103.89,7.8714,0
104.03,8.0957,0
104.02,8.0889,0
104.2,8.3673,0
104.38,8.6589,0
104.28,8.4981,0
104.43,8.7471,0
104.3,8.5311,0
103.73,7.6195,0
104.38,8.6543,0
104.28,8.5014,0
103.85,7.8179,0
103.67,7.5352,0
104.46,8.7825,0
103.7,7.5848,0
104.01,8.0613,0
103.67,7.5384,0
103.92,7.9259,0
104.24,8.4309,0
104.03,8.1051,0
103.73,7.6323,0
103.97,8.0018,0
103.77,7.6937,0
103.83,7.7848,0
103.89,7.8829,0
104.22,8.3994,0
104.05,8.1376,0
103.84,7.8059,0
103.74,7.6366,0
104.03,8.0973,0
104.51,8.8715,0
104.05,8.1331,0
103.97,8.0075,0
103.88,7.8578,0
104.43,8.7326,0
104.51,8.8764,0
104.18,8.3449,0
104.12,8.2465,0
103.73,7.6195,0
103.68,7.5494,0
103.98,8.0242,0
103.75,7.6528,0
104.23,8.4243,0
103.71,7.5884,0
103.98,8.0195,0
104.14,8.2727,0
104.46,8.7956,0
104.06,8.1478,0
104.38,8.663,0
103.89,7.8815,0
103.68,7.5524,0
103.77,7.6871,0
104.3,8.5237,0
104.33,8.5715,0
103.78,7.6973,0
104.41,8.7094,0
104.18,8.343,0
103.79,7.7206,0
103.88,7.8661,0
104.06,8.1475,0
103.93,7.9323,0
104.01,8.0677,0
103.83,7.7777,0
104.19,8.3545,0
103.73,7.6269,0
103.8,7.7399,0
103.87,7.8414,0
103.89,7.8842,0
104.2,8.3629,0
104.17,8.3219,0
104.17,8.3198,0
103.7,7.5785,0
104.52,8.8887,0
104.2,8.3634,0
104.25,8.4529,0
104.17,8.3287,0
104.08,8.1731,0
104.03,8.0991,0
103.73,7.6197,0
104.48,8.828,0
103.85,7.8097,0
104.55,8.9319,0
103.68,7.543,0
104.33,8.5823,0
103.76,7.6756,0
104.31,8.5501,0
103.95,7.9635,0
104.35,8.6046,0
104.13,8.2626,0
103.88,7.8593,0
103.91,7.9016,0
103.7,7.5734,0
103.94,7.9595,0
104.22,8.3935,0
104.38,8.656,0
103.95,7.9728,0
104.04,8.1218,0
104.31,8.5407,0
104.21,8.3923,0
103.75,7.661,0
103.9,7.8951,0
103.94,7.9537,0
104.3,8.5303,0
104.2,8.3718,0
104.3,8.5286,0
103.76,7.6705,0
104.51,8.8625,0
103.89,7.883,0
104.47,8.8084,0
104.08,8.1771,0
104.18,8.3332,0
103.7,7.5778,0
104.44,8.7612,0
103.69,7.5581,0
104.06,8.1388,0
104.3,8.5309,0
103.89,7.879,0
103.78,7.702,0
103.75,7.652,0
104.01,8.0671,0
104.52,8.879,0
104.06,8.1525,0
104.07,8.167,0
103.8,7.7375,0
103.75,7.6529,0
103.96,7.9897,0
104.28,8.4998,0
103.75,7.6553,0
104.11,8.2271,0
104.06,8.1386,0
103.94,7.9631,0
104.53,8.9076,0
103.75,7.6562,0
104.35,8.6101,0
103.98,8.0183,0
104.49,8.8383,0
104.5,8.8539,0
103.77,7.6925,0
104.22,8.3946,0
104.24,8.4324,0
104.27,8.4825,0
104.29,8.5084,0
104.42,8.7208,0
104.04,8.1128,0
103.88,7.8553,0
103.8,7.741,0
104.29,8.5206,0
103.71,7.6016,0
103.75,7.6639,0
103.81,7.7507,0
104.42,8.7189,0
104.33,8.5845,0
104,8.0469,0
104.16,8.3017,0
104.54,8.9125,0
104.32,8.5608,0
104.11,8.2278,0
104.3,8.526,0
103.94,7.9552,0
103.96,7.9796,0
103.73,7.62,0
103.99,8.0289,0
104.35,8.6131,0
103.9,7.8911,0
104.21,8.3864,0
104.43,8.7365,0
103.73,7.6196,0
104.52,8.8867,0
103.71,7.5884,0
104.42,8.7208,0
103.8,7.74,0
104.26,8.4658,0
104.54,8.9213,0
104.31,8.5449,0
103.72,7.6152,0
104.16,8.3013,0
103.8,7.7282,0
104.49,8.8398,0
104.05,8.1361,0
104.5,8.8524,0
104.28,8.4988,0
104.41,8.7051,0
103.86,7.8374,0
103.81,7.75,0
103.77,7.6848,0
104.05,8.1351,0
104.43,8.7393,0
104.01,8.0743,0
104.22,8.4078,0
104.33,8.578,0
104.24,8.4322,0
104.45,8.776,0
103.86,7.8371,0
104.01,8.0598,0
103.7,7.5713,0
103.74,7.6438,0
103.98,8.0218,0
104.26,8.457,0
103.98,8.0187,0
104.52,8.8941,0
103.93,7.9472,0
104.08,8.1745,0
104.12,8.2388,0
104.33,8.5857,0
103.89,7.8774,0
103.72,7.6099,0
104.35,8.6149,0
104.34,8.6006,0
103.75,7.6633,0
103.74,7.6394,0
103.72,7.6088,0
104.08,8.1831,0
103.85,7.8065,0
104.08,8.1811,0
104.01,8.0666,0
104.33,8.5778,0
104.22,8.4046,0
104.13,8.2614,0
104.05,8.1231,0
104.33,8.5836,0
104.32,8.5573,0
104.29,8.519,0
103.83,7.7899,0
104.18,8.3374,0
104.33,8.5827,0
103.95,7.9661,0
104.42,8.7283,0
104.54,8.9126,0
103.93,7.9399,0
104.27,8.4824,0
103.74,7.6418,0
104.27,8.4734,0
104.21,8.3846,0
103.84,7.8028,0
104.5,8.8497,0
103.85,7.8084,0
103.85,7.8205,0
104.29,8.5135,0
103.88,7.8634,0
104.36,8.6303,0
103.76,7.6714,0
103.81,7.7561,0
104.13,8.2499,0
104.38,8.6514,0
104.07,8.1634,0
104.22,8.4024,0
104.5,8.8466,0
104.16,8.3066,0
104.31,8.5417,0
103.74,7.6348,0
104.11,8.2302,0
104.06,8.1477,0
103.73,7.6309,0
104.24,8.431,0
104.51,8.8649,0
104.1,8.2108,0
103.7,7.573,0
103.99,8.0304,0
104.43,8.7435,0
103.88,7.865,0
103.82,7.7718,0
103.85,7.8204,0
104.42,8.7301,0
104.3,8.5367,0
104.02,8.0764,0
104.19,8.3492,0
104.13,8.256,0
103.92,7.9188,0
103.88,7.8557,0
103.69,7.5558,0
103.74,7.637,0
103.98,8.0159,0
103.77,7.6932,0
104.42,8.7285,0
104.19,8.3463,0
103.93,7.9392,0
104.54,8.9157,0
104.32,8.5596,0
104.24,8.4254,0
103.73,7.6181,0
103.84,7.8008,0
104.04,8.1194,0
103.97,8.0061,0
104.53,8.8952,0
103.92,7.928,0
104.01,8.0715,0
103.68,7.5483,0
104.19,8.3549,0
104.07,8.1538,0
103.67,7.5389,0
103.73,7.6329,0
103.77,7.684,0
103.97,8.0017,0
104,8.0563,0
103.79,7.7194,0
103.68,7.5447,0
104.05,8.1297,0
103.84,7.7945,0
104.22,8.3999,0
103.73,7.6269,0
104.46,8.7862,0
104,8.0573,0
103.72,7.6081,0
103.96,7.9941,0
104.43,8.747,0
103.84,7.801,0
103.68,7.55,0
103.7,7.5814,0
103.82,7.7657,0
103.75,7.6523,0
104.28,8.5018,0
103.94,7.9599,0
104.12,8.2453,0
103.86,7.8221,0
104.13,8.254,0
104.45,8.7793,0
104.25,8.4468,0
103.97,8.0072,0
104.2,8.3662,0
104.22,8.3938,0
103.95,7.9638,0
104.49,8.841,0
103.76,7.6769,0
104.52,8.888,0
103.98,8.0183,0
103.98,8.0264,0
103.94,7.9587,0
104.43,8.7435,0
104.2,8.3723,0
104.38,8.6559,0
104.38,8.6543,0
104.07,8.1586,0
103.94,7.9624,0
103.82,7.771,0
103.73,7.6189,0
104.01,8.0603,0
104.15,8.2867,0
103.9,7.8931,0
103.83,7.7895,0
104.36,8.6257,0
103.89,7.8702,0
104.41,8.7087,0
103.83,7.7851,0
103.79,7.7184,0
104.3,8.5325,0
104.02,8.0884,0
103.97,7.9973,0
104.23,8.421,0
104.28,8.495,0
104.07,8.1636,0
104.21,8.3897,0
104.34,8.5989,0
104.4,8.6915,0
103.74,7.6344,0
104.2,8.3633,0
104.01,8.0701,0
104.36,8.6296,0
103.95,7.965,0
103.85,7.8069,0
104.49,8.839,0
103.73,7.6201,0
103.95,7.9773,0
104.43,8.7397,0
103.83,7.7864,0
104.15,8.2945,0
104.19,8.3545,0
104.45,8.7784,0
104.38,8.6645,0
103.93,7.9453,0
103.83,7.7827,0
104.02,8.0816,0
103.94,7.9532,0
103.91,7.9134,0
104.12,8.2489,0
104.11,8.2206,0
103.89,7.8715,0
103.7,7.5773,0
104.55,8.9374,0
103.75,7.6585,0
103.74,7.6462,0
103.8,7.7328,0
104.38,8.6547,0
103.72,7.6041,0
104.12,8.2475,0
104.18,8.3292,0
104.41,8.7034,0
103.92,7.9244,0
103.67,7.5326,0
104.12,8.2447,0
103.96,7.9844,0
104.49,8.8304,0
103.94,7.9581,0
103.86,7.8364,0
103.91,7.9075,0
103.92,7.9176,0
103.8,7.7418,0
104.38,8.6519,0
104.11,8.2278,0
104.38,8.659,0
103.87,7.8434,0
103.79,7.7132,0
104.5,8.8548,0
103.97,8.0022,0
104.48,8.8223,0
103.82,7.7747,0
103.86,7.837,0
103.81,7.7445,0
103.73,7.6227,0
104.13,8.2588,0
103.77,7.6888,0
103.72,7.6067,0
104.32,8.5599,0
103.84,7.8001,0
104.42,8.7302,0
103.98,8.0194,0
104.54,8.9139,0
104.09,8.1993,0
103.79,7.7268,0
104.16,8.3023,0
103.83,7.786,0
103.72,7.6109,0
104.27,8.4886,0
103.72,7.6106,0
103.91,7.9137,0
103.78,7.7015,0
104.22,8.3935,0
103.71,7.5901,0
103.91,7.9082,0
103.93,7.9448,0
103.85,7.8134,0
103.92,7.925,0
104.06,8.1521,0
103.73,7.6241,0
103.82,7.7731,0
103.7,7.582,0
103.84,7.8025,0
103.77,7.6924,0
104.11,8.2213,0
103.77,7.6819,0
103.8,7.7412,0
104.05,8.1344,0
103.79,7.7216,0
103.91,7.9034,0
103.73,7.6285,0
104.18,8.3348,0
104.2,8.3767,0
104.08,8.1854,0
103.77,7.6886,0
103.96,7.9868,0
103.75,7.6608,0
103.98,8.0177,0
103.73,7.6195,0
103.73,7.6254,0
104.1,8.2047,0
104.06,8.1448,0
104.13,8.2572,0
104.42,8.7309,0
104.13,8.2531,0
104.01,8.0728,0
103.98,8.0148,0
103.99,8.0282,0
104.48,8.8242,0
104.51,8.8685,0
103.95,7.9729,0
104.35,8.609,0
104.1,8.2057,0
104.29,8.5164,0
103.8,7.7387,0
103.94,7.9627,0
104.13,8.2612,0
104.28,8.499,0
104.25,8.4466,0
104.53,8.9037,0
104.52,8.8889,0
103.7,7.5773,0
103.87,7.8493,0
104.27,8.4768,0
104.11,8.2216,0
103.76,7.6757,0
104.46,8.7855,0
104.48,8.8168,0
104.54,8.9232,0
103.86,7.8353,0
104.3,8.5238,0
104.03,8.0995,0
103.9,7.8939,0
104.39,8.6792,0
104.15,8.2813,0
104.21,8.3867,0
104.25,8.4557,0
104.05,8.1223,0
104.06,8.1525,0
103.95,7.9687,0
103.89,7.8771,0
103.75,7.6631,0
104.1,8.2105,0
103.9,7.8875,0
104.55,8.9359,0
103.7,7.5712,0
103.73,7.6195,0
104.18,8.3449,0
103.77,7.6883,0
103.73,7.6207,0
103.96,7.9882,0
103.78,7.7048,0
104.24,8.4289,0
104.09,8.1879,0
104.53,8.8943,0
104.42,8.7297,0
103.97,8.0061,0
104.02,8.0905,0
104.36,8.6205,0
103.99,8.0391,0
104.32,8.5559,0
103.85,7.8173,0
103.94,7.9553,0
104.37,8.6378,0
103.71,7.5905,0
104.33,8.578,0
104.01,8.0727,0
103.95,7.972,0
104.13,8.2633,0
104.12,8.2369,0
103.7,7.578,0
103.96,7.9849,0
104.29,8.517,0
104.11,8.231,0
104.26,8.4644,0
104.42,8.7306,0
103.85,7.8116,0
104.36,8.6263,0
104.11,8.2187,0
104.06,8.1531,0
104.25,8.4521,0
103.95,7.972,0
104.11,8.2277,0
104.52,8.8883,0
103.7,7.582,0
103.73,7.62,0
103.95,7.9793,0
103.8,7.7335,0
104.48,8.8226,0
104.07,8.1591,0
104.22,8.4012,0
104.38,8.6546,0
104.38,8.6585,0
104.17,8.3196,0
104.28,8.5039,0
103.89,7.8754,0
103.85,7.8208,0
104.3,8.5315,0
104.12,8.2462,0
104.3,8.5372,0
104.15,8.2839,0
103.88,7.8674,0
103.71,7.5974,0
104.03,8.1036,0
103.71,7.5944,0
104.11,8.2313,0
103.87,7.8422,0
104.04,8.1074,0
104.49,8.8362,0
104.47,8.8111,0
104.03,8.1016,0
104.14,8.2758,0
104.48,8.8135,0
104,8.0593,0
103.67,7.5299,0
103.95,7.9677,0
104.12,8.249,0
104.01,8.0612,0
104.4,8.6944,0
104.44,8.7543,0
103.82,7.7605,0
104.52,8.8797,0
104.32,8.5621,0
103.93,7.9431,0
103.85,7.8193,0
103.84,7.8034,0
104.09,8.1956,0
104.2,8.3675,0
104.43,8.7433,0
103.83,7.7897,0
104.04,8.1171,0
104.12,8.2341,0
104.12,8.2423,0
104.02,8.0768,0
104.22,8.4043,0
103.71,7.592,0
104.06,8.1534,0
103.96,7.9824,0
103.93,7.937,0
103.77,7.6889,0
103.82,7.7589,0
104.03,8.0941,0
103.97,8.0038,0
104.15,8.2959,0
103.78,7.698,0
104.36,8.6267,0
104.26,8.4583,0
104.28,8.4986,0
103.87,7.8534,0
103.92,7.9195,0
104.23,8.4146,0
103.79,7.7261,0
103.82,7.7695,0
104.07,8.1654,0
103.97,8.0038,0
104.44,8.7474,0
104.21,8.3924,0
103.87,7.844,0
103.99,8.0272,0
103.99,8.0377,0
103.87,7.8439,0
104.5,8.8487,0
104.38,8.6617,0
104.43,8.7318,0
104.06,8.1456,0
104.24,8.4387,0
104.25,8.4486,0
104.31,8.5388,0
104.52,8.893,0
103.83,7.7752,0
104.45,8.7663,0
103.88,7.8648,0
104.19,8.353,0
103.73,7.6196,0
104.32,8.5567,0
104.12,8.2432,0
103.71,7.5888,0
104.04,8.1137,0
103.85,7.8071,0
103.76,7.679,0
104.45,8.7744,0
103.77,7.6936,0
103.79,7.7191,0
104.16,8.3043,0
104.07,8.1589,0
104.52,8.8781,0
103.9,7.8993,0
103.94,7.9516,0
103.71,7.5961,0
103.74,7.6391,0
104.55,8.9283,0
104.46,8.7883,0
104.29,8.5169,0
103.88,7.8577,0
104.06,8.1487,0
104.05,8.1311,0
103.83,7.7803,0
104.08,8.1813,0
104.15,8.2889,0
104.13,8.2582,0
104,8.0444,0
104.18,8.3304,0
104.11,8.2297,0
104.37,8.6379,0
103.85,7.8194,0
104.1,8.2101,0
104.38,8.6634,0
103.76,7.6669,0
103.7,7.5772,0
103.79,7.716,0
104.4,8.6921,0
104.36,8.6338,0
104.26,8.4639,0
104.02,8.0816,0
103.68,7.5544,0
104.07,8.1637,0
103.69,7.5641,0
104.42,8.7222,0
103.96,7.991,0
104.31,8.5481,0
104.47,8.7969,0
103.86,7.8373,0
104.47,8.8044,0
103.68,7.5417,0
103.68,7.543,0
103.94,7.9513,0
104.55,8.937,0
103.82,7.7702,0
104.05,8.1247,0
104.21,8.3786,0
104.45,8.769,0
103.81,7.7568,0
104.18,8.3402,0
104.22,8.4051,0
103.88,7.8624,0
103.99,8.0389,0
104.53,8.8995,0
104.26,8.4587,0
104.25,8.45,0
104.41,8.7104,0
104.47,8.7987,0
104.13,8.2616,0
104.15,8.2959,0
104.12,8.2465,0
104.4,8.6913,0
104.32,8.5534,0
103.81,7.7458,0
103.97,8.0067,0
103.67,7.5355,0
104.05,8.1342,0
103.75,7.6638,0
104.51,8.8634,0
104.22,8.3957,0
104.54,8.9223,0
104.08,8.1726,0
103.83,7.7786,0
103.9,7.8894,0
103.67,7.5362,0
103.82,7.7692,0
103.7,7.575,0
103.9,7.8874,0
103.74,7.6409,0
103.78,7.7043,0
103.69,7.5672,0
103.92,7.9256,0
104.44,8.7536,0
103.82,7.7689,0
103.87,7.839,0
103.67,7.5315,0
104.36,8.6311,0
104.02,8.0791,0
104.4,8.696,0
104.4,8.6976,0
103.9,7.8869,0
104.28,8.499,0
104.05,8.1226,0
103.81,7.748,0
103.8,7.7362,0
104.24,8.4254,0
104.53,8.8998,0
103.87,7.8533,0
103.76,7.6712,0
104.3,8.5303,0
104.04,8.1087,0
103.7,7.5784,0
104.46,8.7921,0
104.44,8.749,0
103.79,7.7229,0
104.08,8.1806,0
104.14,8.2796,0
103.78,7.7035,0
104.24,8.4364,0
104.38,8.6644,0
104.21,8.388,0
103.81,7.7561,0
104.18,8.3359,0
103.91,7.9055,0
104.23,8.4248,0
104.04,8.1213,0
104.05,8.1325,0
104.01,8.0647,0
103.85,7.8108,0
103.86,7.8365,0
104.34,8.5928,0
103.78,7.6982,0
103.94,7.962,0
104.05,8.1263,0
104.41,8.7113,0
104.22,8.3946,0
104.1,8.2049,0
104.3,8.5338,0
104.53,8.9013,0
103.75,7.6602,0
103.68,7.5481,0
104.16,8.3102,0
104.52,8.8925,0
104.18,8.3327,0
104.15,8.2825,0
104.53,8.9007,0
104.51,8.8688,0
104.17,8.3172,0
104.18,8.3343,0
104.19,8.3587,0
104.32,8.5576,0
104.01,8.0677,0
104.2,8.3727,0
103.86,7.8324,0
104.03,8.0993,0
104.48,8.8224,0
104.41,8.7106,0
103.71,7.5973,0
103.88,7.8601,0
104.11,8.225,0
103.86,7.825,0
104.53,8.9093,0
104.54,8.921,0
103.72,7.6066,0
104.27,8.4761,0
103.71,7.5948,0
103.74,7.6482,0
103.91,7.9041,0
104.14,8.2704,0
103.95,7.9734,0
103.89,7.8841,0
104.3,8.5372,0
103.77,7.6931,0
103.84,7.7922,0
103.79,7.7247,0
104.32,8.5559,0
103.69,7.5668,0
104.46,8.788,0
104.25,8.4529,0
104.25,8.4569,0
104.15,8.2957,0
104.11,8.2244,0
104.16,8.302,0
104.49,8.8394,0
104.15,8.2902,0
104.05,8.1325,0
103.8,7.7355,0
104.43,8.7446,0
103.82,7.7673,0
104.23,8.4152,0
104.42,8.7209,0
104.12,8.2484,0
104.17,8.327,0
104.24,8.4359,0
103.96,7.9825,0
104.45,8.7759,0
103.94,7.9525,0
104.37,8.6379,0
103.75,7.661,0
103.89,7.8789,0
103.7,7.5815,0
104.49,8.8373,0
104.43,8.7395,0
104.49,8.8391,0
104.43,8.7345,0
104.5,8.85,0
103.93,7.9406,0
104.04,8.1195,0
103.95,7.9788,0
103.78,7.7089,0
104.43,8.7445,0
104.43,8.7449,0
103.71,7.5941,0
104.18,8.3428,0
104.09,8.1935,0
104.37,8.6351,0
104.36,8.6284,0
104.02,8.0762,0
104.18,8.3371,0
103.76,7.6769,0
104.02,8.0827,0
104.38,8.6518,0
104.21,8.3867,0
104.24,8.438,0
103.72,7.6095,0
103.69,7.5598,0
104.01,8.0736,0
103.74,7.6358,0
103.88,7.8626,0
103.94,7.9509,0
104.34,8.602,0
103.91,7.9011,0
104.23,8.4184,0
104.31,8.548,0
104.36,8.6196,0
103.9,7.8987,0
103.9,7.8883,0
104.32,8.5609,0
104.27,8.4886,0
104.45,8.7721,0
104.46,8.7875,0
104.31,8.5524,0
104.02,8.0902,0
103.69,7.561,0
103.85,7.8083,0
104.02,8.0793,0
104.1,8.2056,0
103.9,7.8876,0
103.73,7.6275,0
103.78,7.7052,0
103.83,7.7842,0
103.81,7.7554,0
104.02,8.0765,0
103.96,7.9881,0
104.2,8.3709,0
104.27,8.476,0
104.23,8.4229,0
104.35,8.6168,0
103.7,7.5832,0
104.05,8.1255,0
104.09,8.1955,0
104.54,8.9131,0
104.42,8.7234,0
103.94,7.951,0
103.96,7.9894,0
104.19,8.3579,0
104.28,8.4992,0
104.25,8.4563,0
104.3,8.5242,0
103.68,7.5473,0
103.75,7.657,0
104.54,8.9162,0
103.86,7.834,0
103.88,7.8591,0
103.68,7.5499,0
103.78,7.6995,0
104.47,8.7977,0
104.31,8.541,0
104.29,8.5093,0
103.89,7.8817,0
103.79,7.718,0
104.51,8.8702,0
103.68,7.5554,0
103.82,7.762,0
104.45,8.7759,0
103.67,7.5358,0
103.76,7.6694,0
104.23,8.4146,0
104.33,8.5768,0
104.01,8.0613,0
104.04,8.1158,0
104.33,8.5776,0
103.95,7.9683,0
103.94,7.9525,0
104.19,8.3554,0
103.85,7.8194,0
103.72,7.603,0
103.89,7.8728,0
104.3,8.5248,0
104.48,8.8161,0
104.55,8.9361,0
104.09,8.186,0
104.17,8.3283,0
104.3,8.5233,0
104.02,8.0884,0
104.18,8.3406,0
104.49,8.8427,0
103.67,7.5372,0
104.05,8.1362,0
103.93,7.9352,0
104.13,8.2566,0
104.2,8.3646,0
104.11,8.2174,0
104.09,8.1878,0
103.73,7.6318,0
104.03,8.099,0
103.9,7.8894,0
103.92,7.917,0
103.74,7.64,0
103.9,7.8862,0
104.47,8.7993,0
103.88,7.8649,0
103.76,7.6674,0
103.75,7.6569,0
103.83,7.7798,0
103.83,7.7857,0
104.53,8.91,0
103.72,7.6078,0
104.41,8.7133,0
104.11,8.2178,0
103.67,7.5347,0
103.95,7.9638,0
104.24,8.4266,0
103.81,7.75,0
103.72,7.6093,0
104.09,8.1877,0
103.82,7.7667,0
104.14,8.2726,0
103.81,7.7544,0
103.97,8.001,0
104.3,8.529,0
104.4,8.6952,0
104.54,8.9219,0
103.97,8.0099,0
104.13,8.2516,0
103.81,7.757,0
103.97,8.0037,0
103.68,7.5399,0
103.94,7.9559,0
104.09,8.1999,0
103.8,7.7361,0
103.86,7.8227,0
104.02,8.0765,0
103.89,7.8759,0
103.9,7.8932,0
103.75,7.6581,0
103.82,7.7691,0
104.43,8.7328,0
103.67,7.5336,0
104.46,8.7818,0
103.9,7.8878,0
104.19,8.3546,0
104.37,8.6386,0
104.21,8.3871,0
103.81,7.7498,0
103.93,7.9463,0
104.27,8.4802,0
104.12,8.2471,0
104.25,8.4442,0
104.28,8.4938,0
104.39,8.6712,0
103.84,7.8052,0
103.88,7.8686,0
104.14,8.2799,0
104.29,8.5189,0
104.18,8.3326,0
104.2,8.3662,0
103.83,7.7885,0
104.33,8.5829,0
103.94,7.9527,0
104.11,8.2195,0
104.42,8.7204,0
104.31,8.5463,0
103.96,7.9879,0
103.84,7.797,0
104.15,8.2948,0
104.02,8.0799,0
104.5,8.851,0
104.13,8.2497,0
103.97,8.0037,0
104.3,8.5348,0
104.37,8.647,0
104.34,8.5956,0
104.42,8.7302,0
104.2,8.3709,0
103.71,7.5964,0
103.79,7.7179,0
104.42,8.72,0
103.86,7.8222,0
103.85,7.8148,0
104.33,8.5767,0
104.44,8.7519,0
104.46,8.7864,0
104.52,8.8895,0
103.69,7.5563,0
103.68,7.5496,0
104.33,8.5782,0
103.68,7.5498,0
103.98,8.0154,0
103.86,7.833,0
104,8.0569,0
103.74,7.6338,0
104.13,8.2642,0
104.1,8.2037,0
104.15,8.2812,0
104.31,8.5385,0
104,8.0562,0
104.09,8.194,0
104.28,8.495,0
104.07,8.1588,0
103.71,7.5886,0
103.93,7.947,0
104.11,8.2305,0
103.77,7.6822,0
104.21,8.3786,0
104.31,8.5408,0
104.45,8.7694,0
104.36,8.6282,0
103.74,7.6443,0
104.3,8.5235,0
104.12,8.2379,0
103.78,7.6976,0
104.14,8.2656,0
104.35,8.6169,0
103.7,7.5849,0
103.85,7.8123,0
104.05,8.1261,0
104.42,8.7304,0
103.74,7.6483,0
104.07,8.1669,0
103.74,7.6371,0
104.1,8.2019,0
104.33,8.5773,0
103.92,7.9213,0
103.91,7.9123,0
104.45,8.7783,0
104.38,8.6541,0
103.76,7.6793,0
104.38,8.6635,0
104.14,8.2715,0
103.72,7.6042,0
103.75,7.6569,0
104.19,8.3549,0
104.36,8.6343,0
103.83,7.7836,0
104.15,8.2965,0
103.85,7.8134,0
104.27,8.4877,0
103.74,7.6337,0
104.29,8.5133,0
104.08,8.1852,0
104.07,8.1592,0
104.29,8.5156,0
104.2,8.3757,0
103.76,7.6802,0
104.34,8.5994,0
103.92,7.9241,0
104.43,8.7443,0
104.36,8.6333,0
104.11,8.2308,0
103.88,7.8675,0
104.31,8.5492,0
104.19,8.3599,0
104.43,8.7455,0
103.79,7.7196,0
104.24,8.4251,0
103.88,7.8554,0
104.5,8.8575,0
104.22,8.3937,0
104.15,8.2897,0
103.86,7.8251,0
104.03,8.0952,0
103.78,7.6962,0
103.93,7.938,0
103.94,7.9529,0
104.46,8.7927,0
104,8.0587,0
104.39,8.6814,0
103.99,8.0393,0
103.69,7.5676,0
103.7,7.5778,0
104,8.046,0
103.9,7.8895,0
104.41,8.7028,0
103.83,7.775,0
103.75,7.6634,0
104.53,8.9078,0
104.35,8.6028,0
104.06,8.152,0
104.05,8.1255,0
103.77,7.6922,0
104.52,8.8851,0
104.24,8.4401,0
104.08,8.1717,0
103.68,7.5485,0
103.68,7.5424,0
104.31,8.5449,0
104.55,8.9277,0
104.42,8.723,0
104.1,8.2172,0
104.33,8.5707,0
103.74,7.6432,0
104.38,8.6541,0
103.97,8.0068,0
103.8,7.7381,0
104.31,8.5507,0
103.86,7.8279,0
103.78,7.7045,0
103.85,7.8111,0
103.8,7.732,0
103.92,7.9249,0
103.81,7.7447,0
104.47,8.8113,0
103.71,7.5916,0
103.95,7.9781,0
103.69,7.5594,0
103.88,7.8622,0
104.09,8.1877,0
103.75,7.6573,0
104,8.0504,0
103.69,7.5611,0
103.68,7.5492,0
104.44,8.7567,0
104.24,8.4349,0
104.31,8.5462,0
103.68,7.5524,0
104.39,8.6683,0
104.04,8.1179,0
103.71,7.5881,0
104.03,8.1033,0
104.3,8.5232,0
103.86,7.8292,0
104.18,8.3386,0
103.73,7.6272,0
103.78,7.7082,0
103.74,7.642,0
103.91,7.9094,0
103.82,7.7702,0
103.86,7.8331,0
104.18,8.3388,0
104.4,8.6898,0
104.16,8.2972,0
103.81,7.7459,0
103.75,7.6635,0
103.73,7.6259,0
103.75,7.6635,0
104.35,8.611,0
104.03,8.1017,0
104.39,8.6784,0
103.99,8.0309,0
104.38,8.6667,0
103.99,8.0277,0
104.01,8.0726,0
104.54,8.918,0
104.1,8.2104,0
103.87,7.8503,0
103.84,7.7973,0
104.15,8.286,0
103.7,7.5799,0
103.76,7.6659,0
104.4,8.6878,0
104.23,8.4118,0
103.79,7.716,0
103.7,7.5865,0
104.27,8.4791,0
104.45,8.7683,0
104.05,8.1269,0
103.98,8.016,0
103.76,7.6786,0
104.5,8.8515,0
104.04,8.1158,0
104.5,8.8453,0
103.84,7.7908,0
103.75,7.6639,0
104.54,8.9207,0
103.73,7.6238,0
103.79,7.7206,0
103.8,7.7312,0
104.16,8.3093,0
103.9,7.8894,0
104.53,8.9065,0
104.4,8.6871,0
103.71,7.5984,0
104.19,8.3611,0
104.35,8.6093,0
104.55,8.933,0
104.3,8.5369,0
104.43,8.7473,0
104.31,8.5437,0
104,8.0441,0
104.08,8.1748,0
104.09,8.197,0
104.49,8.8385,0
104.33,8.5822,0
104.24,8.4386,0
103.67,7.5337,0
104.15,8.2882,0
103.9,7.8899,0
104.23,8.4171,0
103.89,7.8772,0
104.38,8.6518,0
103.93,7.942,0
103.85,7.8167,0
103.98,8.0129,0
103.71,7.5937,0
103.95,7.9775,0
104.51,8.874,0
104.55,8.9334,0
104.38,8.6628,0
104.31,8.5463,0
103.83,7.7752,0
104.37,8.6361,0
103.73,7.6227,0
103.96,7.9797,0
103.84,7.8063,0
103.94,7.9507,0
104.23,8.4134,0
103.69,7.566,0
104.43,8.7457,0
103.91,7.9094,0
104.34,8.5944,0
103.94,7.9587,0
104.13,8.2504,0
104.03,8.0926,0
103.84,7.8036,0
103.73,7.6312,0
104.09,8.1877,0
103.76,7.668,0
103.95,7.9676,0
103.73,7.623,0
103.84,7.803,0
103.67,7.5362,0
104.13,8.2536,0
103.71,7.5933,0
104.27,8.4834,0
103.95,7.9785,0
104.05,8.127,0
104.47,8.804,0
103.96,7.9815,0
103.75,7.6551,0
103.71,7.5916,0
104.08,8.1825,0
104.02,8.0861,0
103.84,7.7913,0
104.39,8.6829,0
104.48,8.8161,0
103.83,7.7749,0
103.91,7.9086,0
103.85,7.8191,0
103.96,7.9869,0
103.8,7.7423,0
104.01,8.0593,0
104.27,8.4809,0
103.68,7.5488,0
104.02,8.0825,0
104.04,8.1164,0
104.42,8.7312,0
103.76,7.6757,0
103.83,7.7876,0
103.7,7.5785,0
104.1,8.2141,0
104.02,8.0822,0
103.81,7.7461,0
104.1,8.2031,0
104.5,8.8484,0
103.77,7.6893,0
104.52,8.8883,0
104,8.0522,0
103.89,7.8785,0
103.72,7.6109,0
103.88,7.8622,0
103.92,7.9241,0
104.13,8.2611,0
103.75,7.6591,0
103.87,7.8388,0
103.71,7.5888,0
103.9,7.898,0
104.47,8.796,0
104.54,8.9156,0
104.45,8.7778,0
104.02,8.0807,0
103.76,7.6687,0
103.77,7.6803,0
104.19,8.358,0
104.33,8.5748,0
104.11,8.2241,0
104.25,8.4447,0
103.97,8.0063,0
104.45,8.7665,0
104.38,8.6549,0
104.23,8.4236,0
104.3,8.524,0
103.79,7.7182,0
103.87,7.8503,0
103.91,7.9033,0
104.17,8.3193,0
103.82,7.7613,0
103.97,8.0084,0
104.12,8.234,0
104.43,8.7348,0
104.11,8.2188,0
104.34,8.599,0
104.03,8.0921,0
104.01,8.0723,0
104.38,8.6655,0
103.95,7.9646,0
104.35,8.603,0
104.4,8.6951,0
104.01,8.0733,0
103.95,7.9737,0
103.88,7.8585,0
104.21,8.3896,0
104.11,8.2239,0
103.81,7.7496,0
103.77,7.6871,0
104.49,8.8423,0
104.2,8.3698,0
103.72,7.6139,0
103.72,7.6158,0
103.72,7.6109,0
104.3,8.5319,0
104.48,8.8233,0
104.39,8.6733,0
104.07,8.1693,0
104.19,8.348,0
103.71,7.6008,0
104,8.0453,0
104.11,8.2289,0
104.35,8.6097,0
104.01,8.064,0
103.91,7.9013,0
103.86,7.8367,0
104.41,8.7136,0
104.07,8.1671,0
103.86,7.8296,0
104.43,8.7347,0
103.9,7.9003,0
103.85,7.8131,0
103.73,7.62,0
103.84,7.8031,0
103.76,7.6757,0
104.45,8.7731,0
103.97,8.0088,0
103.73,7.628,0
104.23,8.4241,0
103.99,8.0373,0
103.8,7.7384,0
104.11,8.2287,0
103.69,7.5708,0
104.23,8.4154,0
104.29,8.5124,0
104.1,8.2143,0
104.34,8.597,0
104.17,8.3243,0
104.3,8.5246,0
104.32,8.5572,0
104.38,8.6632,0
104.16,8.3075,0
104.08,8.1832,0
104.04,8.1127,0
104.51,8.8688,0
104.08,8.1789,0
103.75,7.662,0
104.51,8.8731,0
104.51,8.8635,0
104.29,8.5157,0
104.02,8.0887,0
104.46,8.7807,0
104.39,8.6764,0
104.39,8.6734,0
103.91,7.9047,0
104.03,8.0994,0
103.77,7.6842,0
103.72,7.6151,0
104.33,8.5748,0
104.03,8.1049,0
104.07,8.1557,0
103.85,7.8174,0
104.01,8.072,0
104.44,8.7575,0
103.78,7.6994,0
103.75,7.6589,0
103.68,7.5431,0
103.82,7.765,0
104.33,8.572,0
104.4,8.6887,0
104.22,8.407,0
103.98,8.02,0
103.79,7.7232,0
104.48,8.8147,0
104.32,8.558,0
104.45,8.7726,0
104.08,8.1846,0
104.31,8.5499,0
104.13,8.2602,0
103.75,7.6499,0
104.4,8.6884,0
103.88,7.8574,0
104.12,8.2453,0
104.26,8.459,0
104.22,8.396,0
103.68,7.5528,0
103.87,7.8512,0
104.1,8.2055,0
104.28,8.5019,0
103.87,7.8471,0
103.79,7.7266,0
103.85,7.8132,0
103.81,7.7581,0
104.21,8.3905,0
103.97,7.9963,0
104.42,8.7286,0
104.18,8.3454,0
104.21,8.3904,0
104.1,8.2042,0
104.23,8.4094,0
103.94,7.9512,0
103.68,7.5424,0
104.15,8.2898,0
104.28,8.5008,0
103.83,7.776,0
104.44,8.7502,0
104.11,8.2303,0
103.84,7.8047,0
103.8,7.7286,0
103.75,7.6628,0
103.75,7.6588,0
103.99,8.0363,0
104.52,8.8934,0
103.95,7.9742,0
103.86,7.8227,0
104.37,8.6368,0
104.26,8.4604,0
104.35,8.6143,0
104.23,8.4186,0
104.18,8.3344,0
104.46,8.7827,0
104.33,8.5707,0
104.36,8.6301,0
104.46,8.7808,0
103.96,7.9931,0
103.77,7.6819,0
103.76,7.6775,0
103.84,7.797,0
104.35,8.6046,0
104.29,8.5181,0
103.88,7.8612,0
103.92,7.9258,0
104.17,8.3259,0
103.74,7.6423,0
103.93,7.9452,0
104.22,8.3996,0
104.15,8.2853,0
104.25,8.4446,0
103.89,7.8816,0
104.37,8.6472,0
103.74,7.6459,0
104.31,8.546,0
104.37,8.6482,0
103.97,7.9964,0
103.73,7.6236,0
104.44,8.7585,0
104.25,8.4523,0
104.08,8.1776,0
103.91,7.9038,0
104.21,8.3808,0
103.92,7.917,0
103.85,7.8112,0
103.67,7.5357,0
103.95,7.9712,0
104.33,8.5859,0
104.25,8.444,0
103.97,8.0029,0
104.19,8.3522,0
103.78,7.7072,0
104.39,8.6678,0
103.77,7.6957,0
104.07,8.1616,0
104.33,8.5778,0
104.54,8.9152,0
104.19,8.3546,0
103.98,8.0227,0
104.05,8.1376,0
104.33,8.5778,0
104.13,8.2537,0
104.11,8.2329,0
103.79,7.7128,0
104.1,8.2114,0
104,8.044,0
103.77,7.6847,0
104.01,8.066,0
103.81,7.7523,0
103.97,8.0091,0
103.78,7.7044,0
103.88,7.8557,0
104.01,8.0597,0
103.69,7.5685,0
104.09,8.2004,0
103.94,7.9519,0
104.01,8.0681,0
103.67,7.5324,0
103.73,7.6307,0
104.08,8.1753,0
103.91,7.9064,0
104.49,8.8375,0
103.81,7.7437,0
103.99,8.0407,0
104.03,8.097,0
104.34,8.5979,0
103.87,7.8451,0
103.81,7.7472,0
104.11,8.2232,0
103.87,7.8534,0
103.73,7.6278,0
104.23,8.4235,0
104.32,8.567,0
104.45,8.7715,0
103.98,8.0241,0
103.72,7.605,0
104.04,8.1121,0
104.4,8.686,0
103.85,7.8169,0
104.54,8.9216,0
103.95,7.9705,0
104.03,8.0916,0
104.29,8.5069,0
103.91,7.9095,0
104.01,8.0706,0
104.05,8.1314,0
104.18,8.3429,0
103.99,8.0282,0
103.92,7.9183,0
103.74,7.6465,0
103.9,7.8969,0
104.17,8.3169,0
103.78,7.7032,0
103.75,7.652,0
104.01,8.072,0
103.74,7.6491,0
104.26,8.4591,0
103.86,7.8229,0
104.33,8.5836,0
103.69,7.5666,0
104.38,8.6592,0
103.87,7.8502,0
104.07,8.1557,0
104.49,8.8405,0
104.49,8.8292,0
103.72,7.6146,0
104.52,8.893,0
103.72,7.6026,0
104.06,8.1492,0
104,8.0538,0
104.41,8.7083,0
104.08,8.1812,0
104.35,8.6084,0
104.5,8.858,0
103.7,7.5848,0
104.23,8.4099,0
104.18,8.3446,0
104.16,8.3064,0
104.44,8.7618,0
103.8,7.7398,0
104.02,8.0837,0
104.48,8.8207,0
103.72,7.6127,0
104.35,8.6081,0
104.16,8.3105,0
104.47,8.8045,0
104.16,8.3025,0
103.78,7.6974,0
104.02,8.0816,0
104.39,8.6823,0
103.74,7.6457,0
104,8.0593,0
103.86,7.8364,0
103.79,7.7129,0
103.76,7.6721,0
103.86,7.8368,0
103.76,7.6738,0
104.33,8.5707,0
104.35,8.6114,0
103.9,7.899,0
104.1,8.2113,0
104.08,8.1733,0
103.79,7.7127,0
104.29,8.5108,0
103.74,7.641,0
104.34,8.5939,0
103.68,7.5494,0
104.41,8.7,0
103.91,7.9129,0
103.75,7.657,0
103.94,7.9524,0
104.17,8.3137,0
103.81,7.7562,0
